50 50
27 0 2 21 36 8 19 20 43 44 25 26 10 41 11 17 22 40 37 3 13 39 33 12 28 42 31 18 30 35 7 1 34 47 49 4 29 5 14 48 23 16 9 38 32 45 15 46 6 24
4 42 0 22 21 43 40 38 6 7 26 17 9 32 12 37 28 13 1 39 3 10 45 34 25 33 47 20 41 14 8 19 16 5 29 23 2 35 15 27 36 24 49 46 18 11 44 31 30 48
45 40 7 11 3 13 16 38 1 29 2 12 32 44 26 46 0 23 4 5 6 9 18 27 24 48 14 28 19 41 31 15 34 43 30 21 35 20 10 22 39 25 42 49 37 47 36 17 8 33
35 41 32 25 6 10 22 37 31 43 33 12 13 28 14 24 23 36 38 40 47 39 45 5 20 7 4 19 42 44 26 3 17 21 34 15 11 30 1 46 29 49 8 27 18 9 0 48 16 2
24 43 32 47 23 7 5 17 8 29 12 37 38 41 49 22 9 4 3 35 44 15 14 27 48 46 25 26 28 10 36 21 6 30 33 2 34 1 45 42 20 16 40 39 11 13 19 18 31 0
21 19 6 20 34 39 1 12 49 22 13 33 14 10 43 32 18 30 7 35 38 15 28 2 24 40 16 9 25 36 42 27 3 0 17 37 11 47 26 4 31 46 41 48 5 29 23 8 45 44
34 42 48 18 40 12 41 44 14 39 49 45 36 15 20 10 9 7 38 24 26 32 30 22 17 28 8 47 0 13 11 43 19 23 27 31 4 46 21 5 29 6 25 3 2 33 1 37 35 16
18 3 21 0 45 25 19 35 49 43 26 30 15 8 24 20 12 48 6 11 27 29 47 4 5 34 1 31 46 38 42 9 23 28 17 36 14 7 13 22 40 16 41 33 32 39 37 44 2 10
38 4 8 36 9 32 11 45 0 34 12 42 10 3 7 29 13 18 17 33 49 24 16 25 27 20 43 44 30 39 31 46 14 1 23 22 15 37 6 5 2 40 35 28 21 26 19 48 47 41
30 5 22 4 33 36 10 43 28 25 24 17 2 37 41 49 19 42 32 11 48 45 34 47 44 12 46 14 20 13 35 26 21 23 6 15 9 27 7 29 16 18 40 1 0 3 39 8 38 31
12 18 43 46 22 1 47 0 14 23 44 4 26 32 15 20 38 13 27 31 3 49 39 40 34 5 11 37 35 2 29 19 8 48 33 21 36 24 45 7 28 9 25 41 30 16 6 10 42 17
27 21 20 24 13 35 10 23 40 41 34 42 25 5 32 46 0 22 14 12 39 6 2 11 28 45 15 17 43 26 44 31 37 7 16 38 47 18 30 49 3 29 36 48 8 1 4 9 33 19
45 47 29 40 42 14 23 2 24 10 12 20 22 30 1 15 25 39 48 37 9 41 6 49 13 32 33 31 44 36 34 27 0 28 3 7 35 17 8 16 19 46 11 4 5 43 21 38 26 18
45 15 34 49 40 13 12 43 9 28 47 33 19 26 42 24 3 31 39 41 20 0 29 21 37 6 38 17 4 30 10 7 35 46 11 22 18 8 32 2 48 1 44 27 25 5 16 36 14 23
17 25 22 19 26 42 18 33 36 38 49 40 3 47 44 27 43 14 16 45 15 41 11 0 21 28 1 9 31 6 23 34 5 8 48 32 4 2 35 29 37 30 12 10 39 20 13 46 24 7
39 49 0 13 30 16 36 15 33 19 14 24 41 43 20 21 25 45 42 3 12 11 29 6 2 48 46 37 18 23 31 28 8 7 26 10 22 34 1 17 40 32 5 47 35 4 44 9 27 38
2 48 25 18 37 36 6 42 7 1 29 10 40 28 9 0 31 3 20 4 32 34 16 45 13 11 33 8 17 5 23 44 30 26 27 22 38 39 47 12 46 41 49 15 35 21 43 14 19 24
43 33 17 9 29 31 5 15 37 42 3 49 45 41 25 21 28 27 36 46 7 14 23 12 20 24 16 4 44 2 8 13 39 34 0 40 30 35 48 19 1 32 11 38 47 22 6 18 10 26
1 14 17 46 44 18 37 31 13 26 5 49 25 11 9 45 47 21 22 10 29 34 7 38 20 24 39 48 15 6 12 23 33 0 2 16 30 40 36 28 27 42 4 41 19 3 43 32 8 35
25 11 42 46 19 20 18 24 43 6 47 13 29 27 33 36 35 30 0 22 23 17 26 3 1 44 5 40 45 39 21 7 31 15 49 14 28 8 4 12 48 2 41 10 34 16 38 32 9 37
7 28 12 27 8 19 6 32 25 24 17 46 30 39 10 31 36 42 15 26 2 13 41 5 38 40 16 44 49 18 9 23 3 1 22 35 37 0 14 33 45 11 20 34 21 29 48 43 47 4
37 14 46 7 9 43 0 18 32 47 1 5 23 33 40 42 28 39 24 27 2 11 48 10 49 17 3 15 19 29 26 45 25 34 38 21 6 35 4 22 12 30 44 16 41 31 13 8 20 36
23 5 44 42 33 4 6 10 13 43 11 45 28 9 8 48 34 2 21 40 22 38 49 20 15 39 16 1 47 3 27 36 18 26 46 14 32 29 19 30 0 37 25 12 17 31 41 24 7 35
5 25 35 41 32 3 45 48 23 38 13 4 16 15 46 7 12 24 8 43 42 21 11 18 40 33 6 36 22 14 44 39 28 26 17 47 0 1 30 29 27 20 34 19 9 37 10 2 31 49
10 44 11 17 23 30 2 21 25 48 1 20 4 7 0 40 3 13 28 26 37 38 5 6 9 32 33 46 12 27 16 42 31 35 45 14 18 29 43 36 15 24 41 47 39 22 34 19 49 8
22 23 46 8 13 19 4 10 40 38 36 14 25 0 20 37 1 24 30 48 26 7 41 43 28 47 33 49 27 2 6 3 12 29 31 32 45 18 34 9 11 15 35 16 42 39 44 21 17 5
35 39 48 8 21 19 32 24 6 17 18 22 5 45 37 49 0 46 27 43 41 29 20 16 36 11 33 40 44 13 38 12 10 23 34 7 14 25 1 30 47 42 15 26 9 3 28 31 2 4
20 9 27 6 13 49 39 7 25 16 30 1 0 8 14 42 11 47 34 35 28 31 15 45 36 10 43 41 44 32 37 22 4 12 2 48 17 38 46 29 24 5 19 18 21 33 3 40 26 23
15 47 17 44 24 3 2 16 40 11 21 13 26 41 10 32 46 9 14 42 5 36 34 25 1 33 43 49 23 12 18 31 27 35 29 8 48 39 6 20 22 45 7 19 38 0 30 28 4 37
40 11 44 18 43 47 7 16 33 42 41 31 25 13 8 37 26 9 1 2 23 29 4 12 48 20 28 45 46 15 19 14 24 10 49 36 17 39 32 38 27 5 34 21 30 0 35 3 6 22
19 29 37 4 5 1 49 33 3 9 27 15 26 31 21 35 6 28 16 40 43 8 18 25 48 10 46 38 11 17 32 47 34 22 24 13 0 39 20 30 36 45 14 2 42 7 23 12 41 44
32 28 37 36 41 1 33 43 23 5 45 0 10 34 6 19 11 4 30 3 35 2 7 42 14 38 18 31 40 15 22 29 21 16 8 12 47 46 25 27 26 13 24 17 44 9 39 48 49 20
47 4 2 37 19 25 21 44 1 8 5 49 26 17 15 36 22 30 32 16 38 11 9 20 13 10 42 39 12 34 28 35 33 6 29 31 40 0 46 23 18 48 43 41 3 14 27 45 24 7
4 14 49 21 38 30 19 36 45 25 29 27 0 5 28 6 10 26 33 13 22 18 43 3 32 15 8 23 46 39 11 24 37 47 9 2 48 40 12 41 16 1 7 17 42 35 20 34 44 31
1 20 16 49 22 42 10 17 28 45 8 19 9 15 14 11 2 26 13 36 29 6 40 34 27 0 12 46 35 39 24 44 5 23 25 18 48 47 38 21 30 31 37 7 41 4 32 33 3 43
2 39 16 35 26 38 14 46 15 40 1 21 29 42 27 17 41 34 45 47 36 49 13 18 20 32 4 0 24 25 31 22 10 28 5 33 43 6 37 12 3 11 44 19 23 7 48 8 9 30
23 26 41 33 1 34 37 25 10 16 43 19 21 17 5 48 11 22 47 3 38 6 0 28 39 49 13 36 45 31 12 44 27 40 9 42 15 24 2 35 46 30 14 18 7 4 32 8 29 20
35 39 47 6 10 45 8 48 22 15 14 42 25 36 12 11 34 38 33 5 37 20 30 26 3 21 32 18 27 19 2 7 28 31 9 44 24 40 23 4 16 17 49 41 29 1 43 13 46 0
49 35 33 22 19 39 3 20 25 8 1 24 4 21 30 5 9 12 6 18 43 44 38 7 27 2 11 31 41 29 13 47 28 15 34 37 17 40 26 46 16 42 0 36 10 14 45 48 32 23
43 20 9 42 2 1 12 44 31 16 4 37 13 40 34 5 33 18 19 7 23 21 47 6 38 32 35 8 36 49 45 14 29 25 15 11 10 24 39 3 27 0 48 46 22 28 41 30 26 17
24 12 36 30 6 41 28 45 34 9 26 42 7 10 0 21 3 31 46 5 25 19 1 23 48 22 44 39 14 32 27 17 38 37 29 16 18 33 8 35 47 20 11 15 2 4 43 13 49 40
7 11 1 33 2 49 37 26 21 5 24 10 17 39 18 47 36 15 13 45 46 3 29 14 31 44 40 16 42 34 20 25 9 6 8 30 35 22 27 19 48 41 38 43 4 0 28 23 32 12
6 36 41 17 1 24 45 37 13 48 44 19 2 22 49 21 29 3 0 34 47 8 11 43 20 16 33 38 4 27 5 28 30 14 32 15 7 39 12 46 31 42 26 10 40 25 9 23 35 18
3 26 29 48 9 41 0 37 2 43 25 13 5 16 15 38 23 31 4 6 18 30 34 17 28 14 36 32 1 7 11 12 27 20 10 47 33 45 46 44 19 22 49 35 40 39 8 42 24 21
10 3 28 20 39 15 31 35 29 19 30 22 44 32 48 0 6 13 33 18 9 5 21 24 36 45 27 42 2 47 7 1 14 11 49 12 37 23 16 41 34 26 40 38 46 43 4 25 8 17
15 10 9 33 28 25 29 3 18 44 49 17 30 16 12 14 1 11 24 5 41 27 37 4 36 48 32 31 42 39 23 7 6 38 35 46 20 2 22 13 0 21 8 45 26 34 43 47 40 19
34 18 14 26 24 21 49 5 4 9 32 22 12 45 37 41 29 30 40 6 17 36 0 20 11 19 8 25 43 42 1 48 46 2 16 13 15 28 23 7 10 39 44 35 47 38 3 27 33 31
35 39 2 4 1 5 7 21 8 23 36 38 47 3 31 48 46 27 25 24 20 9 40 10 45 22 30 37 32 15 29 41 14 13 17 0 6 19 43 11 49 12 26 44 42 16 18 28 34 33
19 31 41 38 16 0 4 34 6 2 39 22 18 29 3 23 32 17 35 36 13 26 25 33 37 44 30 28 48 15 1 40 5 7 42 8 45 11 24 20 10 27 47 46 9 49 43 21 14 12
37 10 34 6 16 11 14 39 49 48 35 22 12 25 43 4 29 38 47 9 8 30 2 32 26 21 3 40 18 7 46 17 27 5 41 45 33 42 13 20 19 28 15 36 31 24 44 1 0 23
7500
7500
7500
7500
7500
7500
7500
7500
7500
7500
7500
7500
7500
7500
7500
7500
7500
7500
7500
7500
7500
7500
0
7500
7500
7500
7500
7500
7500
7500
7500
7500
7500
7500
7500
7500
7500
7500
7500
7500
7500
7500
7500
7500
7500
7500
7500
7500
7500
7500
2609.75 3292.3 6739.725 8933.375 6803.6 5984.175 10355.05 7650.4 8084.75 4246.775 5219.5 5776.125 6641.175 7816.475 4374.525 3847.1 5033.35 6429.475 6719.65 3660.95 7358.4 5396.525 5219.5 8345.725 4182.9 6387.5 7391.25 5542.525 5038.825 10349.575 6400.275 5558.95 6051.7 9568.475 3792.35 4898.3 9064.775 7159.475 11178.125 8697.95 4781.5 6033.45 6661.25 5299.8 8845.775 11656.275 9977.275 5301.625 8663.275 3947.475
2368.575 1148.4 3204.8625 4509.8623 4028.1 2752.4624 5457.075 3845.4 4791.525 2504.5125 2396.85 2628.4875 3220.0874 3859.5376 1838.9625 2266.35 2285.925 3117.8625 3299.475 2596.95 3680.1 2582.8125 2296.8 4205.3623 1779.15 2994.975 5115.6 2491.4624 2189.1375 5399.4375 3046.0874 2499.075 2838.375 4940.5127 1446.375 2351.175 4642.5376 3507.1875 6634.8374 4369.575 2035.8 2890.575 3943.275 2607.825 5984.5127 6919.7627 5919.2627 3574.6125 4385.8877 1538.8125
38119.2 28711.2 4914 17161.2 44553.6 7030.8 26409.6 19622.4 50450.4 35490 13876.8 9147.6 14977.2 9987.6 21848.4 35330.4 20546.4 15111.6 25670.4 37312.8 29954.4 23679.6 9828 13734 19303.2 6568.8 57472.8 8895.6 11180.4 22957.2 12390 7341.6 15489.6 21294 21806.4 22713.6 18992.4 16657.2 67393.2 15523.2 12297.6 23856 48568.8 27686.4 66066 66973.2 59161.2 44864.4 16203.6 22621.2
94158.23 75406.8 32372.113 11548.338 94124.8 35112.96 29982.225 21024.324 105322.17 79267.39 29681.4 21275.012 20071.713 28595.088 64292.99 80186.58 47630.625 25921.088 53179.176 95094.125 61702.55 69206.46 23096.676 42165.637 48700.227 24701.074 135170.7 25118.887 40527.812 60515.96 47246.24 30416.75 52911.773 19804.312 61669.125 53847.676 15191.662 17163.738 141838.98 16712.5 34762 49569.273 105288.75 76944.35 142841.73 137025.78 121516.586 110118.664 12183.412 58878.137
1432.2 1277.975 1715.4625 1883.6375 566.525 1580.6125 2152.175 1577.9 838.55 876.1375 1061.75 1250.4625 1363.6125 1923.9375 1524.0375 955.575 1016.8 1318.6625 949.375 1655.4 814.525 1789.0875 1133.05 2087.4624 1015.25 1583.325 2005.7 1269.8375 1379.8875 2512.9375 1815.4375 1381.825 1823.575 2008.4125 1383.375 947.825 1901.4625 1497.6875 1685.2375 1925.875 1108.25 908.3 1169.475 1798.775 2040.1875 1600.7625 1240.3875 2003.7625 1836.3625 1237.2875
29389.426 21549.45 6421.5127 15994.388 35203.023 3514.7124 23701.6 16197.025 40108.25 27663.512 10383.425 7483.6123 12332.9375 10627.987 15840.662 27251.25 15232.75 12444.737 20193.875 28704.65 23757.5 17769.213 7029.425 12654.362 13919.1 6260.8 45474.65 6253.8125 6966.5376 20326.637 9090.737 4947.15 10956.4 19446.213 15805.725 17035.525 17517.662 13730.4375 54202.04 15093 8371.025 18684.574 38375.35 21102.25 52622.863 53852.664 47354.29 34986.414 15197.8125 16483.512
181956.75 151443 81972.375 45118.875 179349.75 86890.125 28499.25 43134 199791 153664.88 65767.5 58805.625 48555.375 75277.125 138615.38 155294.25 97584.75 53176.875 107361 187467 122469.75 147325.12 56998.5 99391.875 102384 68433.75 259515 65619.375 96429.375 131920.12 108338.625 78565.5 118381.5 37594.125 126439.5 108605.25 40319.625 50569.875 262507.12 54213.75 78328.5 100962 199791 160389.75 266358.38 256048.88 228497.62 214099.88 46244.625 120958.875
70158.83 56137.95 33391.46 20160.113 68960.92 32030.213 26544.375 6370.65 78353.55 57158.887 16770.6 13571.662 8861.737 34044.863 51550.54 57907.574 31390.426 10985.287 35882.55 72690.75 42824.926 57376.688 12741.3 45125.438 33595.65 25346.475 105796.35 16702.537 32220.787 60071.96 42892.99 24339.15 46527.523 21820.838 44649 36454.273 21085.762 12128.737 107171.21 24366.375 22542.3 32942.25 78353.55 60248.926 108940.836 104203.69 91544.06 84928.39 20704.613 42130.688
1719.3 1555.125 2020.8375 2186.6626 797.775 1877.2875 2480.775 1869.45 697.95 1127.3625 1324.95 1525.8375 1646.2875 2242.7625 1817.0625 1211.925 1359.6 1593.4875 1205.325 1956.9 1061.775 2099.2124 1395.9 2416.8374 1275.45 1880.175 1940.4 1538.2125 1663.6125 2869.7625 2127.2625 1665.675 2135.925 2327.7375 1668.15 1203.675 2218.8374 1789.0125 1599.2625 2239.875 1374.45 1156.65 1050.225 2109.525 1977.1125 1509.3375 1125.7125 2149.5376 2144.5874 1511.8125
1038.4 879.2 1459.6 1709.2 1024.8 1320.4 1995.2 1402.4 1305.6 464.4 869.6 1050.8 1181.2 1674.8 1133.2 546.4 738.4 1134.8 1066.4 1268.8 1206.4 1406.8 928.8 1875.6 768.8 1323.2 1950.4 999.6 1145.2 2314.8 1562.8 1115.2 1500.8 1846.8 988.8 667.2 1736.4 1318.8 1983.6 1748 832.8 916 1087.2 1416.8 1986 2088.4 1720.4 1628.4 1668.4 837.2
282030.88 211282.75 141015.44 156813.56 275986.38 123980.94 205925.12 104130.25 324205 216434.31 12638.5 46089.312 66146.06 165880.31 198300.81 220212.12 86408.875 58178.312 109075.75 294806.75 144106.38 241573.94 25277 212999.94 97536.25 105504 461992.12 48149.938 106122.19 288418.8 178793.56 81738.125 185456.25 180442.06 162789.38 111960.625 161484.31 89774.56 468792.2 165811.62 55499.5 94239.25 323380.75 245901.25 477721.56 453818.3 389938.94 356556.8 149807.44 140603.31
50691.8 38013.2 17684.5 20961.5 51754 16554.5 32069.4 15322.8 59686.6 41572.7 8429.8 1231.7 9073.9 20938.9 32781.3 41335.4 20566 9254.7 24295 52228.6 30058 37595.1 2463.4 29549.5 19775 11074 79235.6 3830.7 16712.7 41956.9 25571.9 10170 28589 26227.3 28724.6 24385.4 23131.1 11333.9 83247.1 20927.6 10350.8 21854.2 59166.8 41335.4 84557.9 81009.7 70500.7 62387.3 19673.3 26656.7
87703.45 68425.55 38207.625 29484.926 86090.85 36375.125 42477.35 15319.7 98955 70203.08 15832.8 11526.425 5185.975 43485.227 62653.176 71210.95 35513.85 11563.075 41561.1 91111.9 50906.85 70496.27 10371.95 57448.875 38482.5 27377.55 135275.16 15741.175 36631.676 77569.73 50998.477 26021.5 55891.25 35788.727 53362.4 42330.75 30731.025 11599.725 137529.12 32581.85 23565.95 37602.9 98735.1 74362.85 139911.38 133534.28 116492.02 107586.08 27615.775 49972.273
8994.7 7014.15 1953.7375 3076.2876 10270.975 2400.6125 5044.325 4089.8 11525.8 8342.263 3428.425 2289.7876 3530.3125 1217.2875 5553.7627 8308.3 5162.3 3558.9126 5938.075 8844.55 6878.3 5947.0127 2434.575 2672.3125 4897.75 1741.025 13134.55 2275.4875 3283.6375 4634.9873 3544.6125 2352.35 4204.2 3955.7375 5544.825 5623.475 3465.9624 3423.0625 15131.1875 2520.375 3406.975 5551.975 11125.4 6799.65 14963.162 15041.8125 13379.4375 10451.513 2868.9375 5718.2124
22109.25 13806.75 17181.562 27575.062 34163.25 13983.5625 36054.375 25399.5 39559.875 23393.062 16297.5 15828.5625 21148.312 21809.438 7310.8125 21709.5 15513.375 20779.312 22678.125 21463.5 25368.75 12569.0625 14621.625 24038.812 11931 16866.375 39913.5 14091.1875 11169.9375 32479.688 15843.9375 13360.875 14375.625 31372.688 9640.125 15974.625 29250.938 22701.188 52897.688 26598.75 12776.625 19787.625 33563.625 13114.875 48346.688 54681.188 47531.812 28374.562 26698.688 11815.6875
16807.2 14001.3 25640.85 30561.75 19556.7 22905.45 35602.5 25154.4 24505.8 9679.65 15763.8 18421.65 21255.75 29433.75 18478.05 8135.7 13451.4 20437.95 19232.4 20868 21699.9 23300.25 16271.4 32126.85 12619.5 23236.8 35094.9 17533.35 19253.55 39867.75 26303.55 19556.7 24957 32986.95 15933 12196.5 31041.15 23680.95 36455.55 30709.8 14579.4 16581.6 19881 23476.5 36497.85 38302.65 31816.65 27205.95 29842.65 13261.05
10299.95 7390.2 7031.425 8472.175 10011.8 6048.325 10492.05 6305.4 12559.95 6963.625 2542.5 3918.275 4743.175 8551.275 6856.275 7119 1531.15 4415.475 4164.05 10825.4 5152.8 8788.575 3062.3 9992.025 2712 6068.1 17458.5 3782.675 5031.325 13093.875 7754.625 4593.45 8294.2 9443.975 5401.4 2666.8 8664.275 5714.975 17692.975 8842.25 2599 3101.85 11362.15 8989.15 17709.926 17551.725 14924.475 13365.075 8184.025 4483.275
175305 136474 78453.7 73100.3 171987.4 74683.7 92515.8 36644.4 198000.4 139301.5 27445.6 23562.5 23034.7 89311.3 126332.7 141375 67935.4 11423.1 80376.4 182317.2 99603.4 144881.1 22846.2 118038.7 74042.8 56173 274079 32233.5 75211.5 159433.3 104768.3 53383.2 114834.2 79433.9 107218.8 81959.8 75663.9 36305.1 280374.9 79396.2 45918.6 72233.2 198000.4 150423 282712.3 269592.7 234531.7 216209.5 69254.9 97680.7
14104.75 10872.675 9452.713 10186.412 10309.75 8668.412 12441.275 7754.45 12529.825 10040.9375 3542 5082.1377 6005.5874 10597.537 10274.963 10214.875 4313.65 5638.7373 2061.95 14718.275 4237.75 12438.112 4123.9 12767.013 5635.575 7817.7 21789.625 5177.0127 8073.8623 16239.4375 11122.513 6723.475 11726.55 11267.987 8646.275 5230.775 10401.463 7099.8125 19186.887 10594.375 5350.95 2795.65 14964.95 12662.65 22071.088 18497.463 15556.338 17561.363 9863.838 7618.4624
4719 4738.5 8597.0625 11897.4375 10320.375 7583.0625 14113.125 10500.75 12031.5 6905.4375 7254 7875.5625 9152.8125 10064.4375 5467.3125 6371.625 7005.375 8870.0625 9277.125 3656.25 10130.25 6729.9375 7312.5 10878.5625 5869.5 8497.125 9506.25 7622.0625 6695.8125 13554.9375 8172.9375 7390.5 7707.375 13238.0625 5406.375 7151.625 12428.8125 9845.0625 15675.5625 11583 6547.125 8360.625 10130.25 5845.125 12180.1875 16314.1875 14559.1875 5847.5625 11614.6875 5613.5625
2204 1718.55 1581.275 1691.475 1302.45 1463.475 2030.15 1326.2 1635.9 1593.625 693.5 924.825 1063.525 1760.825 1628.775 1619.75 733.4 1008.425 555.75 2296.15 390.45 1953.675 780.9 2079.075 931.95 1335.7 3066.6 939.075 1298.175 2600.625 1756.075 1171.35 1846.8 1853.925 1384.15 871.15 1722.825 1227.875 2673.775 1752.75 889.2 505.4 2041.55 1987.4 3108.875 2532.225 2090.475 2723.175 1643.025 1229.775
33087 23443.35 23170.988 37575.938 50155.05 19559.662 48702.45 36072.9 57236.477 36022.46 26166.975 23493.787 30494.512 29263.838 14919.412 33813.3 25682.775 30655.912 35084.324 31815.975 38614.95 11166.862 22333.725 29102.438 20982 23524.05 56025.977 21214.012 17380.762 40178.51 17905.312 20255.7 15978.6 42538.99 17975.926 26288.025 39775.01 32512.012 74738.29 35911.5 21002.176 31291.426 49368.227 15978.6 67091.96 77038.234 67697.21 40884.637 36405.79 20830.688
29547.375 21819.6 12087.5625 14277.787 30208.574 10393.237 19877.324 9670.05 34960.95 23989.162 3801.9 2252.2124 5847.4873 14071.162 19650.037 23844.525 11199.075 6260.7373 13471.95 30993.75 16984.574 22873.387 0 19319.438 10703.175 8017.05 46945.2 2293.5376 10145.287 26881.912 15889.463 6157.425 17728.426 16757.287 16158.075 13513.275 14856.338 7665.7876 50147.887 14257.125 4959 11984.25 34713 24051.15 50189.21 48040.312 41634.938 36675.938 13492.612 14897.662
19258.4 15154.4 4883 8660.2 22473.2 5240.2 12851.6 10822.4 25140.8 18677 8930 6798.2 9435.4 4715.8 11943.4 18148.8 11947.2 9496.2 14265.2 19106.4 16203.2 11616.6 7106 3553 10898.4 5631.6 28226.4 6684.2 7117.4 7725.4 6509.4 5973.6 7911.6 10537.4 11924.4 12593.2 9496.2 9405 33421 7486 7881.2 13444.4 24198.4 13429.2 31946.6 32615.4 29081.4 22522.6 8227 12293
32600.7 22120.45 24063.875 31410.225 36263.7 20115.975 39682.5 24603.15 43406.55 26098.875 11050.05 13644.675 18976.375 29538.025 20197.375 24684.55 10012.2 17796.074 19495.3 34493.25 23056.55 27157.074 10541.3 33424.875 5270.65 20594.2 59259.2 12362.625 14845.325 44597.023 26668.676 15282.85 26495.7 35297.074 14936.9 10622.7 32488.775 21866.074 64743.523 31379.7 8099.3 15669.5 41636.1 27879.5 64804.574 63420.773 53958.023 43640.574 30250.275 11650.375
19133.176 14415.175 4124.0376 7502.4624 21736.5 4258.8374 12148.85 8180.675 24693.676 17191.213 5611.05 2952.9624 5851.1626 5337.2373 11613.862 17111.176 9697.175 5918.5625 11525.4 19369.074 13673.775 12852.338 3268.9 8547.162 9073.725 1634.45 29479.074 2801.3125 5623.6875 13172.487 7620.4126 3075.125 8745.15 9583.4375 10952.5 10784 8420.787 6693.6626 33190.29 6967.475 5560.5 10615.5 23935.426 14794.3 33148.164 32667.938 28750.312 23156.113 7022.2373 11361.112
175156.8 190444.8 281463 355282.2 238383.6 258749.4 406770 325852.8 225170.4 205569 253234.8 264755.4 294457.8 314332.2 211356.6 210756 242970 289434.6 287742 170788.8 273327.6 239639.4 248102.4 332568.6 222222 279224.4 124051.2 257875.8 238875 392519.4 271962.6 254436 261534 380835 205405.2 233251.2 365874.6 308872.2 262243.8 348348 234998.4 267212.4 177231.6 219819.6 183947.4 276549 279934.2 151733.4 352989 210046.2
31417.65 23339.65 11056.763 15023.638 33379.45 9282.487 22113.525 11424.6 38298.375 25597.162 5582.475 2430.6125 7436.0874 13292.638 19279.012 25460.125 12766.125 7551.4873 15708.825 32571.65 19387.2 22351.537 1601.175 18629.887 11698.675 6794.175 49650.85 800.5875 9022.838 26549.213 15038.0625 4846.8 16963.8 18384.662 18146.65 14626.95 16408.438 8878.588 52990.24 15002 5683.45 14150.925 36827.023 24738.875 53033.51 52629.613 45921.99 39055.688 14201.412 16091.088
22292.5 15532.45 8585.625 15815.625 27305.3 6079.225 22449.15 14122.6 31534.85 21286.324 7458.95 6609.425 10790.775 12212.675 11525.825 20448.85 11037.8 10887.175 16351.85 22629.9 18460.6 14092.475 5916.55 13959.925 8953.15 7422.8 37089.9 5247.775 2958.275 20575.375 9380.925 4675.4 9917.15 18779.926 10579.9 12122.3 17129.074 11995.775 44699.477 15038.4 5121.25 14086.45 30040.65 16086.75 42325.625 43386.023 37782.773 28046.375 15128.775 11164.325
35887.5 29205 12480.1875 18630.562 41122.125 13061.8125 25455.375 22151.25 45465.75 34940.812 19069.875 15598.6875 19892.812 12207.9375 23976.562 34080.75 23982.75 19991.812 27757.125 35640 30912.75 23444.438 16099.875 10314.5625 22275 13699.125 50490 15413.0625 16118.4375 8049.9375 15128.4375 14256 17411.625 21687.188 23945.625 25034.625 19991.812 19843.312 58502.812 16718.625 17362.125 26420.625 43931.25 26395.875 56547.562 57636.562 51882.188 41202.562 17925.188 24545.812
12035.1 8916.6 3727.7625 7937.7373 15528.975 2988.5625 11116.875 8229.375 17556 12413.362 5826.975 4628.6626 6632.5874 5471.8125 6476.6626 11884.95 7270.725 6678.7876 9817.5 11792.55 10828.125 6101.2876 4440.975 5425.6123 6843.375 4123.35 18722.55 4120.4624 3693.1125 8596.088 2220.4875 3580.5 3285.975 9358.388 7288.05 8021.475 8567.213 7210.0874 23593.762 7374.675 4435.2 8731.8 16331.7 7478.625 21757.312 23235.713 20550.338 14388.412 7608.5625 8162.9624
16816.45 12300.4 4673.025 8907.325 19038.25 3674.825 13346.9 7880.95 21863.8 14695.275 4330.9 2861.775 5655.125 6838.475 9623.775 14610.75 7526.75 5719.525 9982 17041.85 12034.75 11338.425 2398.9 8891.225 6931.05 3300.5 26701.85 1952.125 3900.225 13310.675 6886.775 1199.45 7961.45 10895.675 8991.85 8573.25 9784.775 6460.125 29982.225 8388.1 3574.2 9112.6 21992.6 12670.7 30199.574 29780.975 26037.725 20660.324 8448.475 9382.275
33291 24043.5 13451.6875 25678.938 45466.875 10386.3125 35106.25 25927.25 51477.75 34720.938 17347.625 15249.8125 21192.188 18623.438 16808.188 32845.75 22433.75 21329.188 29985.875 32571.75 32982.75 15695.0625 14693.25 18486.438 19385.5 13751.375 53121.75 13742.8125 10951.4375 27888.062 8982.0625 12141.625 7346.625 30148.562 19402.625 23889.375 27802.438 22904.688 67566.69 24266.125 14025.375 26766.375 46032 19779.375 62514.812 69570.31 61607.188 40269.438 24685.688 21808.688
946126.8 772783.2 372672.6 171891 941607.6 399465 229188 203364 1052973.6 801673.8 322800 261306.6 229995 336196.2 681269.4 810550.8 496143.6 258078.6 549405.6 987768 631719.6 728398.2 261790.8 467575.8 512606.4 298912.8 1361570.4 298428.6 451435.8 644793 516318.6 354111.6 575875.2 130895.4 640112.4 556184.4 145421.4 201588.6 1394657.4 221440.8 377998.8 514543.2 1052973.6 803126.4 1415639.4 1359472.2 1209370.2 1121245.8 178024.2 610899
11074.375 6516.25 9745.9375 14620.9375 17265.625 8055.9375 18070 12049.375 20125.625 11582.1875 7198.75 7592.8125 9802.8125 12191.5625 5780.9375 10692.5 6792.5 9607.8125 10578.75 11927.5 12000.625 8559.6875 6353.75 13369.6875 4891.25 8961.875 21336.25 7495.3125 5951.5625 17830.312 10200.9375 7109.375 9514.375 16229.6875 3176.875 7028.125 15116.5625 10875.3125 27174.062 14096.875 5378.75 9051.25 16956.875 8848.125 24582.188 28075.938 24330.312 15579.6875 14222.8125 4326.5625
15829.5 11730.3 12055.125 14909.925 14887.05 10463.025 18181.05 11400.9 18098.7 9950.625 5307 7379.475 8870.925 14516.475 10865.625 10202.25 3806.4 8340.225 7557.9 17293.5 9159.15 13994.925 5984.1 16447.125 4154.1 10495.05 26946.75 6793.875 8459.175 21470.475 13235.475 8116.05 13697.55 16483.725 8500.35 2992.05 15221.025 10444.725 27326.475 15353.7 4886.1 5837.7 17073.9 14319.75 27353.926 27097.725 22842.975 21406.426 14443.275 7022.625
260549.22 211357.83 97602.71 40426.887 259264.38 105128.266 73603.55 59561.977 291477.4 219479.9 83331.7 65940.336 56946.387 87232.14 185247.84 222003.72 132614.88 73007.016 147849.53 269818.5 171160.38 198738.77 65986.23 124584.56 137295.4 76540.35 378755.44 76494.46 119995.81 174969.03 138442.6 92233.875 155375.08 45566.29 173638.3 149685.03 32993.113 48961.96 388070.6 54606.125 99025.23 137846.05 290926.75 219984.67 394035.97 378067.12 335391.75 310337.16 42170.613 165240.89
137814.58 108160.375 60774.51 37261.387 137095.34 58008.26 63568.426 27330.55 156514.42 113056.64 30982 20497.912 15076.0625 61549.062 97731.61 114578.08 60691.523 24757.938 69875.48 142959.8 83983.35 109515.836 20525.574 84066.336 63513.1 44425.977 209073.17 26860.287 58395.54 114439.766 80082.94 42378.95 87468.83 46721.96 85421.8 70981.98 39142.438 10262.787 214743.98 41936.35 40442.574 63900.375 156127.16 117123.02 218284.78 208713.56 182987.44 167828.39 34439.812 80359.56
45190.5 41683.125 54470.062 59493.188 29821.5 51403.312 65177.25 52117.125 27688.875 32544.562 40378.875 44494.312 47243.812 59211.188 47631.562 34351.125 38581.125 46820.812 37823.25 48504 35461.5 53659.312 42775.875 64357.688 39250.875 51465 40960.5 44335.688 48318.938 73399.31 57395.812 46882.5 55712.625 61907.812 44450.25 37012.5 59475.562 50292.938 21387.938 60630 40660.875 36889.125 30385.5 54285 34060.312 23696.812 24243.188 45428.438 59070.188 41092.688
22574.6 17974.4 7146.3 4104.1 23542.2 8089.3 8618.2 6428.8 26371.2 19848.1 7822.8 5211.1 5621.1 5744.1 15256.1 19762 12226.2 7047.9 13579.2 22804.2 15670.2 16305.7 5658 9081.5 11939.2 5543.2 32644.2 6154.1 9417.7 13583.3 10795.3 6937.2 12308.2 6121.3 14604.2 13612 4997.9 4907.7 35329.7 2829 8519.8 12693.6 26231.8 18261.4 35444.5 34157.1 30344.1 26490.1 3636.7 14436.1
80057.625 56481.6 38011.613 53182.637 85773.02 30699.262 70728.08 39587.55 100523.8 63100.54 15801.4 16494.812 27925.613 49316.336 49862.664 62659.273 25677.275 26917.012 44210.3 82915.33 51564.676 61965.863 10086 58183.613 22567.426 30846.35 133135.2 13847.237 23134.762 81255.336 43390.812 19877.824 47404.2 61209.414 39209.324 31140.525 55409.96 33472.914 142906.02 53119.6 5043 36309.6 95817 63289.65 143032.1 141855.39 122313.766 103360.484 50787.21 35364.04
58028.15 43758.477 39723.312 42962.613 45043.023 36260.613 52917.875 32225.45 54677.15 40086.336 13627.4 20427.137 24504.188 44777.74 41119.562 40854.273 14800.25 22884.537 13348.15 60736.875 18235.025 50669.914 16196.5 54356.01 20636.574 32504.7 91957.02 20846.012 31401.662 69686.836 44861.51 27673.676 47528.35 47737.79 33928.875 18849.375 43884.137 29335.213 84235.766 44763.773 19379.95 8098.25 61825.95 51661.25 93199.69 81191.94 68206.81 73289.164 41538.438 29391.062
11687.5 10319.375 16111.5625 18256.562 9625 14832.8125 20714.375 15620 8793.125 7559.0625 11041.25 12598.4375 13719.0625 17960.938 12502.1875 7885.625 9913.75 13320.3125 12732.5 13667.5 11825 14853.4375 11550 19329.062 10071.875 15090.625 13193.125 12158.4375 13052.1875 23103.438 16310.9375 14031.875 15654.375 19439.062 11261.25 9301.875 18490.312 14901.5625 14420.3125 18590 10725 11440 5775 15097.5 13994.0625 15320.9375 12357.8125 14935.9375 17905.938 9951.5625
19812.5 14312.5 16981.25 25818.75 30875 14743.75 32575 23312.5 35262.5 22118.75 16250 16268.75 19856.25 20756.25 9331.25 20750 16000 19556.25 21825 17087.5 24012.5 9543.75 14550 20656.25 13087.5 17100 32087.5 14856.25 12481.25 27518.75 13718.75 14262.5 12525 28893.75 11225 16375 27181.25 21506.25 46393.75 24875 13050 19475 30675 7275 38943.75 47856.25 42043.75 22706.25 25093.75 12993.75
107792.1 115691.625 168663.27 190737.11 120397.73 157010.06 210766.05 169251.53 113618.7 103562.21 131938.88 144628.53 153760.61 185526.78 134768.14 109304.77 122750.77 150511.16 145721.03 113954.85 138325.72 149278.61 136084.72 193650.4 124879.73 163256.84 89976.15 141042.94 142499.6 224408.14 164573.44 150483.16 160511.62 200373.4 123367.05 117764.55 192641.97 163396.9 108212.29 193454.33 129361.73 135188.33 93057.52 139110.08 68042.36 115551.56 117288.336 104178.484 187935.86 125748.11
50320.45 46673.773 57109.863 60151.812 29943.05 53921.312 66703 53124.176 27725.725 37172.26 40919.727 45381.863 48057.312 62039.29 52583.586 39050.574 40589.875 46994.46 38262.6 53765.55 35074.05 58814.086 42605.625 65905.86 40553.227 53307.426 45922.45 46572.99 49175.137 75966.29 59473.79 49220.95 61003.926 63303.71 49184.3 38958.95 60774.863 51227.54 25572.537 61352.1 42752.227 37291.375 34927.45 59519.6 38748.21 21302.812 24143.188 50567.836 59235.562 45803.336
13547.55 12443.1 15576.075 16502.926 7348.2 14610.375 18481.5 14368.95 6676.65 9565.425 10672.65 12024.075 12834.375 17069.025 14205.225 10134.3 10572.75 12512.475 9867.9 15145.95 8902.2 16103.325 11183.25 18240.074 10561.65 14424.45 14940.6 12384.825 13172.925 21287.025 16292.025 13186.8 16755.45 17451.975 13197.9 10078.8 16686.074 13794.525 8777.325 16860.9 11227.65 9573.75 9046.5 16305.9 12767.775 8172.375 5591.625 17640.676 16219.875 12151.725
1568 1572.9 2542.4875 3371.8125 2975.525 2287.6875 3928.575 3020.85 3140.9 2117.4126 2205 2361.1875 2682.1375 2911.2124 1756.0375 1983.275 2142.525 2611.0874 2713.375 1300.95 2927.75 2073.3125 2174.375 3115.7876 1857.1 2517.375 2006.55 2297.4875 2064.7375 3788.3125 2435.9126 2239.3 2318.925 3664.5874 1740.725 2179.275 3495.5376 2856.0874 3556.7876 3292.8 2072.7 2483.075 2603.125 1850.975 2678.4624 3717.2625 4040.6626 1087.1875 3300.7625 1792.7875
101089.2 81178.8 34056.3 14036.1 101528.4 37057.5 34221 24448.8 114155.4 85625.7 31329.6 21905.1 20807.1 29883.9 69009.3 86632.2 50983.8 27212.1 57059.4 102699.6 66392.4 74352.9 23899.8 44780.1 51935.4 25656.6 147937.2 26114.1 42986.7 64873.5 50343.3 31915.2 56510.4 23076.3 66429 57791.4 18025.5 17622.9 155129.1 16909.2 36673.2 53106.6 114118.8 82825.8 155275.5 148907.1 131888.1 119151.3 11949.9 63080.1
7969.8 4856.25 7095.675 9693.075 10916.85 5941.275 11999.1 7886.55 12864.9 7029.075 4190.25 4847.925 6351.975 8766.225 4903.425 6421.35 3907.2 6030.075 6493.5 8552.55 7464.75 6801.525 4001.55 9570.975 2614.05 6560.1 14979.45 4498.275 4503.825 12617.925 7978.125 5294.7 7448.1 10753.125 3124.65 4073.7 9987.225 7090.125 17673.975 9684.75 3335.55 5450.1 10694.85 6998.55 17196.676 18323.324 15742.575 11047.275 9376.725 2000.775
