75 100
47 49 54 18 72 30 57 6 64 27 0 65 33 11 63 61 40 34 17 73 68 23 22 9 31 48 69 36 26 3 32 13 60 46 74 53 24 4 21 28 7 1 71 8 44 2 25 56 15 12 43 55 5 19 67 51 45 41 37 38 66 16 58 39 35 14 52 62 10 20 59 29 70 42 50
26 65 61 54 20 49 60 24 23 36 52 5 74 51 55 48 32 3 31 62 14 53 68 13 22 72 57 9 50 25 71 39 35 43 27 7 64 37 45 38 40 1 73 69 42 0 4 11 21 19 59 63 12 18 34 66 28 33 41 58 67 8 30 10 17 47 29 46 44 70 16 56 2 15 6
72 61 37 25 10 47 54 49 29 22 13 1 24 73 34 23 74 9 68 3 64 19 67 15 66 2 38 42 32 57 40 43 31 70 0 52 60 44 33 71 65 4 6 63 27 11 41 5 48 17 69 12 7 14 56 55 50 18 36 53 59 30 39 21 16 8 35 58 62 46 51 20 28 45 26
14 44 19 69 10 61 38 47 62 31 60 68 18 36 63 64 43 12 45 33 2 42 15 67 41 17 57 11 52 30 37 46 73 74 58 0 1 26 24 34 5 40 32 3 54 6 8 25 7 55 51 65 59 56 49 21 9 39 35 4 16 70 29 66 13 48 71 72 22 53 50 28 23 20 27
22 4 52 23 67 63 51 7 57 62 2 66 13 27 14 8 48 55 1 50 19 6 54 43 36 30 49 60 71 16 21 3 47 24 72 0 5 33 53 39 41 58 42 31 20 70 35 69 74 59 34 25 29 26 9 73 32 44 40 28 65 64 61 18 15 46 38 10 68 37 17 12 11 56 45
22 51 12 30 14 35 61 20 6 33 32 41 65 68 27 42 8 26 36 38 73 56 31 43 21 69 3 72 9 25 5 71 39 60 23 15 52 74 47 46 7 4 24 1 29 66 44 2 37 58 55 40 64 19 50 28 70 45 62 53 57 17 48 16 49 67 54 34 18 11 0 63 10 13 59
60 22 26 47 37 57 55 53 63 27 6 44 3 19 61 58 1 28 0 62 33 20 46 40 41 52 16 32 2 21 31 54 50 59 8 14 70 5 48 24 69 11 36 51 12 74 9 56 10 45 43 30 73 49 39 29 34 4 23 64 35 18 13 68 17 72 65 42 71 66 25 7 38 67 15
0 62 57 26 19 25 64 10 28 36 23 44 48 43 4 54 21 34 12 52 65 61 9 30 53 73 59 67 17 74 6 1 55 63 20 29 15 60 35 3 40 5 11 69 41 51 37 32 24 22 18 7 47 56 27 31 71 33 49 13 42 50 16 2 39 14 8 45 72 70 58 66 46 38 68
71 28 8 32 3 11 46 33 18 44 67 69 49 38 1 30 43 66 70 25 17 63 16 41 60 59 7 40 23 21 29 62 26 19 50 31 22 34 0 47 4 37 36 39 65 57 53 56 12 14 27 68 35 74 64 72 55 24 5 20 9 13 54 10 52 58 45 61 6 51 42 73 15 2 48
70 63 73 67 10 19 53 15 12 8 68 56 42 48 32 71 17 22 49 37 59 62 2 72 36 64 74 40 31 33 9 24 20 34 54 30 61 13 52 66 6 28 69 21 0 47 11 18 51 39 7 25 23 46 3 38 16 55 1 29 5 14 45 65 58 35 4 50 26 44 27 41 43 57 60
18 45 47 65 7 1 38 55 74 62 69 9 35 39 17 66 71 57 19 33 32 28 56 20 64 58 49 31 53 37 11 25 14 16 36 13 44 59 43 51 23 48 60 67 61 4 5 46 52 15 41 22 26 50 42 34 8 0 63 24 29 40 30 72 2 10 73 3 6 70 27 54 21 68 12
52 17 11 34 48 18 33 45 10 24 44 68 3 29 30 69 16 15 7 27 2 21 43 38 35 71 0 59 40 28 55 67 58 41 8 4 65 53 56 62 74 70 13 46 42 26 66 39 36 25 32 9 14 31 37 20 19 63 60 6 73 47 72 23 22 50 49 57 1 54 12 64 5 61 51
45 50 21 39 9 36 18 46 60 32 63 69 61 65 40 43 42 67 17 41 7 64 20 44 28 49 11 22 51 12 0 26 14 74 10 1 56 53 33 57 34 15 73 8 37 38 31 59 2 70 5 13 4 58 29 30 3 25 6 27 55 68 47 71 35 16 24 23 48 52 19 66 62 72 54
18 43 73 69 35 71 14 55 57 37 53 24 42 30 66 2 36 40 8 10 60 5 38 56 52 39 63 15 23 6 16 54 12 21 33 70 32 64 47 27 61 25 74 46 9 4 62 19 48 11 50 45 17 26 20 49 51 65 28 0 67 72 7 59 58 34 68 3 13 22 1 29 44 41 31
12 25 64 26 43 53 17 44 71 2 1 58 56 15 72 39 22 11 57 0 38 10 60 18 45 41 28 23 62 4 20 37 59 69 61 63 7 48 74 34 21 13 49 32 5 36 9 54 55 73 3 42 35 24 51 14 31 46 65 68 30 19 40 33 6 27 66 29 16 52 67 50 8 70 47
49 28 58 51 50 56 43 0 11 12 9 23 72 37 7 53 5 59 45 44 8 68 30 27 48 19 16 61 40 35 14 64 33 62 34 57 54 10 21 63 36 70 26 42 46 41 55 71 65 20 32 4 25 2 24 73 15 18 1 60 17 3 22 52 31 74 6 66 69 39 67 38 29 13 47
62 53 31 72 45 28 49 38 67 41 0 21 58 69 48 51 73 74 71 37 66 47 14 68 43 3 60 23 27 29 11 19 10 24 44 65 52 5 34 63 17 57 42 2 39 35 54 64 55 18 46 6 1 59 9 8 56 26 70 50 22 15 4 12 33 30 16 32 61 36 20 13 7 25 40
4 59 53 51 40 26 12 25 19 1 16 13 60 11 41 65 47 44 10 48 15 62 55 35 0 61 8 67 54 74 29 70 32 39 14 58 36 31 63 21 7 30 73 69 24 27 17 6 72 68 71 66 37 28 9 18 38 64 52 34 2 20 56 45 57 5 49 22 23 43 50 42 33 3 46
44 73 74 57 24 14 10 53 66 9 30 8 2 13 70 34 47 33 58 1 63 68 65 54 45 42 11 20 71 7 29 72 39 23 37 59 64 61 3 40 12 5 26 46 60 49 28 35 27 56 32 16 4 18 48 62 51 67 31 38 36 55 6 15 19 43 52 25 50 0 21 69 22 41 17
62 31 61 26 56 21 28 36 59 30 13 69 22 4 5 72 44 73 49 58 37 66 27 33 54 47 57 35 16 43 38 17 52 24 63 45 65 41 40 64 0 9 3 60 20 53 15 68 7 48 50 18 25 11 19 6 12 1 67 8 32 70 10 39 46 34 42 51 14 23 29 2 74 55 71
27 58 52 68 22 71 14 37 15 53 39 66 48 64 18 41 3 10 44 11 62 0 38 49 61 5 40 17 1 43 20 28 25 54 30 31 74 36 12 72 4 23 26 19 29 50 35 16 51 42 55 60 65 13 2 6 70 73 45 46 63 21 69 57 7 32 59 9 67 56 8 33 24 34 47
4 60 37 19 45 72 5 33 16 34 40 69 11 71 74 59 32 14 54 26 30 25 61 44 23 68 31 39 8 21 56 73 65 53 58 0 3 18 66 20 41 38 13 63 70 1 67 42 28 51 12 36 46 10 55 48 43 22 24 57 52 47 49 9 29 27 35 50 62 64 15 6 7 2 17
36 56 21 28 16 66 44 13 40 12 70 7 1 5 35 73 6 38 46 57 59 72 29 49 61 47 68 0 17 64 65 4 23 30 67 24 26 43 42 22 15 54 31 3 27 18 20 62 45 34 58 55 8 48 69 39 33 10 51 74 53 50 19 2 11 52 14 41 71 9 37 63 60 32 25
30 44 11 57 36 8 6 33 46 69 50 22 2 21 37 24 54 65 64 19 43 74 7 26 15 61 20 16 72 48 9 1 41 27 59 18 62 70 52 38 34 17 49 63 28 53 10 73 39 45 29 40 66 5 13 31 58 32 56 25 67 23 71 60 42 51 4 0 3 35 14 55 47 68 12
39 8 14 44 37 36 46 59 5 68 40 53 13 1 43 72 56 47 31 45 9 16 54 48 64 35 57 69 7 55 21 19 73 30 62 65 63 34 24 28 4 51 38 6 74 10 67 33 41 26 25 20 49 11 22 15 50 12 32 29 27 3 52 60 42 17 23 18 70 61 66 2 71 0 58
28 55 66 12 62 73 36 63 74 14 19 18 3 40 38 53 17 65 26 60 51 6 13 64 20 41 34 56 5 15 72 32 47 52 21 2 9 39 33 68 29 4 61 48 44 59 70 10 7 57 11 58 22 8 23 54 46 25 50 24 67 31 0 45 49 37 1 69 42 43 71 35 30 27 16
49 36 26 13 14 63 3 64 45 4 69 52 56 31 17 2 38 6 29 72 25 5 70 43 10 47 65 60 67 42 61 35 19 12 18 0 54 7 1 20 48 39 55 73 37 27 68 9 58 44 62 22 32 30 23 34 21 71 53 74 51 8 11 50 28 16 24 57 41 33 66 15 59 46 40
41 55 47 30 16 72 13 68 56 25 22 1 52 71 34 18 66 43 15 54 42 10 49 29 61 28 53 65 24 17 14 31 44 57 23 2 74 69 48 39 73 26 3 67 62 5 9 27 6 60 4 35 33 70 21 59 51 0 63 32 38 19 45 36 46 7 37 50 58 11 8 20 64 40 12
64 40 5 17 34 15 25 13 53 66 38 37 56 6 68 22 0 32 51 27 62 35 72 30 7 61 11 65 28 41 49 58 50 47 21 2 73 8 39 43 19 4 16 52 74 31 3 45 36 48 10 12 23 67 54 14 59 9 57 42 46 18 44 1 26 20 29 33 63 71 69 70 24 60 55
58 33 49 28 62 47 3 44 39 25 36 14 67 68 38 63 6 69 48 37 70 22 11 51 60 17 15 7 43 64 65 4 66 40 31 52 0 53 27 74 61 2 20 41 57 9 12 23 71 8 42 13 1 55 34 46 45 24 35 18 21 29 26 56 5 59 30 50 19 10 16 54 32 73 72
3 7 24 49 5 60 23 9 62 72 36 53 28 43 74 37 44 34 68 20 71 52 4 54 59 35 64 32 1 12 66 0 22 33 45 56 47 41 57 40 69 65 13 50 55 39 21 73 10 46 17 16 14 2 26 67 29 58 25 31 61 11 42 63 27 38 15 18 8 51 48 30 70 6 19
51 53 2 14 40 57 10 35 13 62 65 61 38 47 66 48 31 44 45 9 74 23 32 52 54 55 27 17 24 6 28 58 7 70 43 8 21 59 49 3 56 36 0 64 41 63 69 15 72 29 19 60 37 4 33 16 67 71 18 42 46 39 50 73 5 1 11 30 68 20 12 22 26 25 34
9 60 68 17 43 41 72 57 18 28 30 38 35 19 7 42 70 73 6 58 59 22 5 36 4 15 34 45 37 46 8 64 23 74 49 2 44 31 51 1 39 50 25 21 27 62 0 40 54 11 69 66 14 61 16 55 53 10 20 33 3 24 65 48 12 56 29 67 13 63 32 47 71 26 52
46 60 41 52 73 47 9 36 56 69 42 53 61 25 14 59 64 26 49 35 38 30 0 34 3 44 23 62 20 6 74 10 55 28 67 48 1 16 45 29 68 37 71 58 32 7 18 66 33 43 63 24 5 72 65 15 17 19 2 39 4 12 27 13 22 70 40 8 51 11 54 57 31 21 50
33 53 12 48 40 26 8 19 18 50 21 3 10 67 2 43 14 1 41 71 61 4 63 17 6 68 45 60 70 69 46 32 9 64 39 47 51 36 27 62 42 66 25 13 52 28 59 49 55 7 11 15 20 72 29 56 22 31 65 58 35 37 16 73 24 30 34 57 44 38 0 5 23 54 74
7 8 41 32 59 6 65 18 48 74 73 64 33 62 58 63 21 30 25 13 31 49 52 17 2 14 70 9 24 54 61 19 38 69 35 47 15 16 53 29 26 0 60 46 55 34 40 3 51 12 20 71 4 39 27 57 42 44 43 37 68 22 11 67 50 5 1 28 66 10 72 45 56 36 23
37 30 54 31 25 62 65 4 48 44 57 59 35 66 1 18 22 10 12 70 53 8 32 68 41 60 38 74 33 63 67 43 56 71 58 40 19 9 47 42 20 73 16 23 69 27 46 34 29 0 17 64 2 39 24 21 6 5 61 49 52 11 51 15 72 36 13 14 7 28 55 45 50 3 26
44 5 67 1 13 53 27 36 2 50 61 42 39 56 29 11 12 35 28 37 26 74 0 32 55 4 59 18 31 25 54 30 23 6 47 48 51 15 10 46 7 41 17 16 33 66 3 71 70 34 65 45 40 49 24 22 43 58 64 19 20 60 21 8 72 63 62 57 52 14 9 68 69 38 73
19 9 20 22 23 69 3 33 41 65 36 56 27 47 54 11 0 6 59 39 31 15 62 50 17 35 60 16 29 66 72 10 1 5 37 48 63 61 51 53 14 43 58 26 71 32 44 67 64 21 7 4 38 52 74 42 70 28 25 68 8 30 24 40 13 12 18 45 73 2 57 55 46 49 34
3 8 1 12 51 31 60 30 47 40 54 45 43 35 71 61 6 5 53 13 52 69 0 4 25 67 22 65 62 20 38 44 49 14 27 36 72 46 32 28 59 16 39 58 66 26 19 73 17 50 56 48 7 37 9 68 15 11 10 34 41 2 42 24 64 29 18 55 57 23 63 70 33 74 21
53 31 27 36 62 13 34 41 32 17 15 47 55 46 38 9 29 61 16 0 54 45 10 69 63 70 7 37 64 28 11 39 19 60 6 73 3 56 48 59 40 30 14 71 65 25 21 67 68 5 66 23 20 74 51 35 8 72 44 50 33 57 49 4 1 22 52 42 26 18 24 12 43 2 58
21 34 45 63 68 74 51 35 5 4 30 71 58 6 37 50 40 61 29 33 62 60 18 15 25 13 39 12 38 59 0 9 24 10 73 14 1 32 8 2 64 41 17 57 46 65 67 11 43 3 54 72 19 69 49 55 27 44 36 70 31 48 66 7 53 23 56 26 16 20 28 22 42 52 47
2 72 8 34 49 46 65 5 18 32 29 17 63 0 44 53 68 27 36 42 55 40 26 15 64 20 67 57 11 16 39 69 12 25 73 71 56 54 66 14 62 31 58 38 48 13 52 24 30 43 9 45 59 61 70 74 19 47 50 6 7 41 28 60 4 33 22 3 1 10 51 37 35 21 23
1 28 25 55 13 7 53 31 10 74 9 4 72 38 32 36 22 17 51 18 2 70 6 21 45 35 24 57 30 58 39 59 29 62 67 8 60 42 11 52 44 12 40 46 15 34 49 69 73 66 64 14 37 47 43 41 56 19 48 33 27 5 61 65 3 71 50 20 23 0 54 68 16 63 26
12 8 23 1 0 11 51 33 55 35 58 69 18 47 60 72 46 37 39 56 57 62 42 29 16 5 9 2 73 67 6 74 41 25 22 68 52 70 43 21 31 53 54 14 61 28 36 50 17 71 19 44 38 66 30 27 24 59 63 34 40 65 20 10 32 64 13 26 45 4 15 7 48 49 3
4 10 0 3 42 32 21 58 1 44 28 15 23 30 66 63 40 59 64 6 68 67 35 26 53 50 56 5 34 16 70 31 11 14 36 27 48 72 73 43 65 39 60 54 47 22 51 25 8 29 24 74 61 62 71 18 49 57 38 55 33 37 52 7 46 41 20 69 12 19 17 9 45 13 2
29 61 2 11 72 13 20 38 70 9 42 10 43 7 39 40 34 58 30 36 16 6 48 23 57 68 64 49 53 55 45 1 51 41 54 66 24 32 62 37 56 67 22 25 28 27 15 47 12 31 19 59 3 18 26 74 71 35 0 8 33 52 14 63 21 17 4 65 46 73 60 5 69 44 50
1 0 32 2 54 47 64 41 14 61 19 37 50 20 34 46 21 57 3 11 66 22 15 25 23 7 30 63 33 70 45 48 26 69 44 51 74 31 39 8 18 27 60 43 59 24 17 28 53 55 13 52 68 56 67 4 73 36 12 49 16 71 35 9 10 5 65 29 72 62 42 38 40 58 6
10 64 74 6 69 8 21 49 13 70 23 30 39 26 55 50 4 66 41 29 61 32 36 38 71 48 37 1 0 22 20 46 5 57 44 17 47 42 59 3 65 19 28 60 56 25 51 72 2 27 15 54 40 18 73 34 58 53 7 45 11 16 68 43 52 9 24 62 63 14 31 35 33 12 67
2 35 27 18 23 30 58 24 61 14 73 52 10 45 55 0 56 71 60 26 25 49 12 51 4 29 9 46 22 74 16 53 38 28 59 3 44 67 11 37 8 62 50 69 19 72 42 64 15 17 40 13 20 33 47 7 48 6 31 34 54 63 66 43 21 39 36 1 70 5 32 68 65 41 57
25 2 21 61 45 31 34 12 36 43 69 63 51 30 71 0 3 62 20 5 6 35 46 42 56 50 26 57 66 53 24 47 14 33 28 1 55 32 19 48 40 18 44 60 22 17 74 73 52 41 15 49 72 58 37 23 29 9 38 54 39 8 67 27 13 70 7 4 16 59 10 64 11 65 68
6 67 2 52 70 48 11 65 4 50 63 0 31 39 43 26 23 46 24 18 64 9 41 37 10 7 35 29 19 5 22 44 17 15 73 62 71 27 47 42 21 61 16 74 14 60 13 49 45 38 8 1 59 20 54 66 40 53 72 25 68 57 12 36 32 30 51 3 69 33 56 34 28 58 55
33 6 5 18 47 30 3 36 43 10 14 8 20 25 38 54 23 74 53 19 32 51 62 37 27 64 55 45 59 29 22 67 52 35 9 21 72 13 73 11 40 69 70 26 68 46 4 34 58 12 65 61 63 44 16 28 56 49 24 57 7 66 39 50 60 48 42 15 2 41 17 71 1 0 31
3 30 16 67 50 51 29 63 53 58 62 41 32 21 20 40 31 23 8 57 9 60 0 68 10 24 14 46 44 47 45 1 13 26 6 28 39 5 70 74 36 27 49 48 12 43 66 73 42 64 52 37 15 34 18 61 71 22 11 2 54 72 56 4 7 59 65 69 38 35 25 19 55 33 17
58 15 42 43 50 36 53 23 27 1 8 26 68 45 18 48 61 0 44 41 74 33 72 54 16 4 39 35 59 69 29 24 40 62 22 3 63 47 7 30 51 28 6 60 25 5 38 10 9 14 32 17 57 66 19 71 20 73 11 31 65 56 46 13 21 64 37 34 67 49 52 70 55 12 2
32 51 37 21 12 20 49 64 74 2 25 62 47 67 60 28 33 54 38 42 45 10 71 30 63 7 17 39 41 50 72 34 13 40 48 1 0 5 70 65 68 29 58 11 8 4 55 46 52 31 16 66 69 9 22 59 61 44 24 23 56 18 3 19 14 57 15 35 43 6 26 73 36 53 27
68 55 33 43 18 59 40 58 65 45 16 44 30 10 14 12 60 50 73 69 72 41 36 63 53 32 29 25 46 27 22 4 26 6 9 71 34 11 70 8 38 23 19 54 17 42 13 62 3 67 52 2 0 5 7 1 48 24 31 20 35 51 57 56 66 64 39 37 28 47 15 49 61 74 21
67 38 12 65 52 68 0 61 28 74 2 5 11 9 69 48 70 42 22 1 41 13 45 44 47 73 6 23 46 25 26 39 53 50 32 19 36 57 58 51 64 72 66 18 8 33 10 3 60 35 27 30 20 15 40 56 4 14 54 29 17 7 31 24 49 16 37 59 34 55 63 71 21 62 43
66 74 6 14 59 64 37 16 54 20 50 72 31 8 45 70 61 36 46 19 69 51 17 39 68 57 4 38 2 47 15 71 29 34 1 40 63 65 41 28 22 12 13 35 67 33 44 30 73 0 9 23 10 21 24 27 56 62 55 7 58 18 49 53 48 11 32 3 42 52 5 26 43 25 60
74 72 30 57 59 26 17 66 38 46 41 5 62 36 20 49 21 70 63 35 19 0 6 10 22 18 39 28 13 23 52 68 9 69 53 15 58 73 1 12 16 64 54 44 40 24 32 67 29 25 3 65 51 11 8 48 37 56 71 2 33 60 50 61 55 4 34 14 47 42 43 7 27 45 31
0 51 21 13 5 30 8 4 7 62 1 71 55 15 14 41 32 61 36 10 35 17 50 26 2 43 22 3 37 39 12 70 29 46 60 44 64 27 40 65 54 33 31 68 25 16 47 11 19 53 69 72 58 52 63 66 56 38 73 74 9 18 34 23 24 20 57 45 48 6 67 59 49 28 42
37 27 47 52 24 33 19 57 2 11 22 28 74 36 6 16 66 49 20 29 0 59 39 1 62 53 13 68 26 10 46 73 38 21 8 15 55 65 54 69 23 34 9 70 45 43 50 42 60 25 61 4 71 58 56 63 67 31 48 7 12 41 5 30 72 14 44 40 32 3 51 35 18 64 17
70 40 4 13 3 49 25 5 44 57 47 21 23 43 50 69 67 61 7 74 64 42 46 22 31 38 26 19 53 11 48 65 16 62 58 8 56 33 9 66 59 36 6 10 27 54 52 17 2 28 1 18 35 63 60 37 73 68 12 24 45 29 0 51 34 71 39 72 15 14 55 41 20 30 32
11 57 34 39 51 3 45 41 16 58 4 19 55 22 43 36 25 6 21 65 46 17 47 49 26 66 8 44 5 30 42 0 9 24 27 32 31 10 12 1 62 20 53 15 23 29 61 63 52 71 70 50 72 68 59 2 18 56 74 40 13 69 60 73 33 7 37 35 67 48 28 64 14 38 54
25 3 29 6 39 5 62 47 13 46 68 19 31 54 7 48 26 9 65 4 40 16 50 51 35 15 73 34 23 32 63 18 21 8 45 67 36 74 60 44 69 52 57 56 43 59 33 12 58 22 49 42 20 28 41 17 61 2 30 71 14 10 72 53 66 55 11 70 64 0 1 38 37 24 27
34 13 14 56 44 39 23 2 69 30 36 61 28 59 19 55 29 53 66 40 49 38 71 5 22 74 11 48 33 52 60 54 12 0 4 15 64 43 3 68 47 73 9 51 27 32 7 35 25 72 1 62 58 42 24 20 10 8 45 70 26 46 57 16 17 21 18 31 50 41 65 6 67 37 63
25 5 6 1 10 34 2 57 7 43 11 22 63 50 42 20 21 70 16 40 47 46 23 55 24 12 60 67 30 26 13 69 29 59 27 66 52 62 36 44 38 48 49 71 64 68 9 74 33 8 54 28 56 0 51 72 15 45 35 37 73 39 65 53 61 19 32 41 17 58 4 18 14 3 31
18 39 57 63 3 61 13 4 74 9 43 6 38 34 54 8 49 14 51 47 21 24 17 31 16 45 53 50 60 67 32 10 56 59 28 2 7 20 26 29 41 72 62 5 73 22 42 33 58 15 37 55 44 36 35 19 12 27 40 66 0 52 71 23 30 64 46 65 1 25 69 48 68 11 70
42 21 57 58 12 59 26 73 55 16 61 48 7 45 50 15 44 38 49 0 56 30 25 71 70 23 9 6 8 32 34 13 1 2 11 69 62 29 22 72 64 24 63 14 47 33 36 19 3 10 66 51 18 20 31 27 4 65 67 68 46 53 17 43 39 60 52 41 28 5 74 35 40 54 37
58 28 43 41 68 51 56 64 49 38 34 44 21 0 6 47 4 48 74 16 11 33 36 45 31 72 40 35 29 54 50 70 59 63 66 30 12 5 69 65 1 57 10 9 7 61 55 18 62 46 60 13 73 20 14 27 37 19 25 17 22 71 2 24 8 23 67 32 39 26 42 15 52 3 53
52 48 53 7 65 11 0 26 30 46 32 40 72 33 6 67 34 3 23 41 5 73 20 60 56 57 50 42 54 1 47 43 14 29 39 69 70 19 24 38 8 31 28 15 51 61 17 71 25 18 49 59 36 37 2 55 22 64 4 66 58 10 12 68 63 16 21 62 45 35 13 74 27 9 44
49 20 46 17 56 34 11 59 33 44 38 25 31 21 53 28 69 41 18 3 61 36 23 2 8 26 4 66 10 73 45 54 15 14 51 50 43 39 16 22 57 60 27 71 63 7 55 24 72 40 9 62 13 35 70 65 5 19 30 29 1 12 64 58 32 6 68 74 47 48 37 0 52 42 67
30 62 22 38 65 21 10 5 28 9 52 51 3 42 55 58 15 43 14 47 57 27 54 64 26 70 44 8 11 71 34 2 59 1 17 24 56 18 60 68 46 45 6 69 63 16 49 36 0 74 23 7 19 53 4 48 61 31 41 40 25 67 20 50 35 72 29 13 73 66 33 39 32 12 37
38 10 56 61 48 32 15 54 20 37 46 51 44 18 28 4 52 29 57 41 65 11 27 47 7 22 39 68 21 49 64 5 40 14 50 0 24 66 73 62 58 42 63 6 55 59 9 36 25 16 34 17 67 8 74 53 35 71 31 60 12 26 19 30 45 70 43 1 13 33 23 2 3 72 69
36 24 10 50 33 22 34 48 1 6 16 62 70 44 42 20 46 27 72 4 52 21 53 41 15 54 74 12 60 40 47 7 65 13 30 38 63 39 58 25 0 68 17 31 19 23 18 45 35 69 8 26 9 3 11 5 61 66 51 55 49 29 32 2 73 56 28 43 71 59 14 57 37 64 67
38 18 54 71 1 9 48 65 56 24 51 67 22 57 27 66 59 10 72 34 6 7 35 29 13 4 44 32 39 63 31 53 2 41 70 17 15 40 20 36 58 8 49 62 14 46 23 69 3 5 52 0 42 61 21 64 16 45 74 26 28 33 25 50 11 47 37 60 19 43 73 55 12 68 30
29 62 16 37 68 42 4 52 3 55 67 9 0 69 60 43 6 64 57 28 66 49 25 40 74 46 51 45 59 31 33 26 61 39 71 18 48 5 32 11 34 41 21 72 58 56 20 13 14 44 30 17 1 47 70 54 73 22 19 65 36 12 15 35 8 2 23 27 10 38 53 24 63 7 50
10 68 9 43 66 14 3 63 23 51 28 71 5 4 17 70 1 18 58 65 64 13 34 41 57 74 46 39 30 62 55 60 32 69 7 72 22 61 2 26 21 35 27 38 16 25 53 47 54 12 31 49 50 67 24 37 8 59 73 40 0 44 6 11 20 15 52 48 56 42 45 36 29 33 19
71 9 67 54 4 31 58 18 38 53 47 21 13 40 6 37 65 26 32 15 5 25 43 64 24 62 69 60 33 10 61 46 51 27 11 41 17 55 20 49 34 57 50 52 42 8 68 29 35 70 45 48 3 22 1 14 2 12 23 30 16 56 0 72 73 44 74 39 63 7 36 59 19 28 66
38 47 31 46 2 17 24 36 14 30 1 23 19 3 70 5 33 29 50 74 10 44 4 32 61 22 62 63 73 48 12 60 25 41 7 13 42 52 49 64 57 35 26 69 65 66 18 39 9 8 53 40 15 51 72 59 55 68 45 28 58 6 11 27 67 56 71 37 21 20 54 0 16 34 43
15 43 1 24 36 63 72 52 49 25 28 39 55 51 5 2 71 56 50 64 9 22 3 13 67 16 7 47 44 66 37 74 33 68 62 45 26 60 11 10 70 53 58 59 8 17 73 0 32 23 54 4 19 20 46 14 35 29 48 27 40 69 18 61 21 41 30 65 6 31 42 34 57 38 12
13 14 19 55 26 7 9 27 31 74 0 71 15 3 44 29 53 69 30 2 65 21 58 18 42 24 49 72 36 37 64 34 41 32 33 52 47 62 61 66 70 16 45 11 57 43 60 22 39 46 10 38 12 59 51 23 5 28 67 17 1 6 54 56 40 35 68 4 20 25 50 73 8 48 63
58 5 66 45 53 42 73 7 56 15 62 64 37 41 55 49 67 32 3 47 13 2 24 9 68 21 17 18 19 8 33 74 26 11 30 1 61 16 63 12 0 25 29 70 57 23 39 59 20 44 65 60 36 51 71 31 27 52 35 43 14 34 4 48 69 46 10 38 40 6 50 22 72 28 54
55 48 74 41 35 32 70 36 47 53 26 33 6 25 14 64 15 7 4 27 11 23 62 72 67 19 43 18 39 73 31 9 22 49 50 13 37 42 29 58 3 0 20 66 59 51 21 17 68 40 10 52 69 60 65 1 57 71 54 30 38 8 2 24 5 16 28 63 46 56 44 45 61 34 12
22 37 0 65 58 10 15 56 71 38 32 74 26 66 20 4 8 42 64 46 61 14 35 48 70 39 17 36 59 29 28 16 5 40 67 25 49 13 53 23 34 52 33 18 55 21 2 41 47 68 62 24 11 19 27 9 3 1 30 43 31 69 54 51 60 12 73 45 50 57 7 72 44 6 63
10 59 11 12 44 62 40 53 4 7 71 18 29 41 49 8 3 15 48 31 27 26 30 70 37 5 23 45 0 28 47 66 22 58 52 33 17 21 46 43 50 16 6 55 54 19 63 1 61 32 14 51 69 13 74 73 36 68 64 60 67 34 20 56 65 72 2 9 35 25 24 57 39 42 38
58 21 52 40 8 16 71 12 60 39 9 11 66 57 29 68 36 19 6 10 41 20 43 53 38 23 27 56 72 44 13 73 61 46 28 49 67 62 0 2 45 22 37 7 25 64 32 63 30 55 4 35 70 26 1 17 31 34 3 14 42 74 15 18 5 69 59 33 50 54 47 24 48 51 65
31 22 32 14 39 67 60 61 33 0 6 64 23 20 10 9 66 24 62 70 54 58 29 59 5 18 30 43 73 25 26 41 40 27 36 16 13 71 65 38 46 44 34 28 1 4 72 55 48 47 7 8 52 21 2 45 35 69 11 53 50 68 51 3 12 17 19 57 56 42 63 74 37 49 15
28 5 53 64 15 17 51 56 19 61 55 58 43 1 49 59 45 21 67 57 68 24 63 11 29 22 52 2 73 72 38 0 27 16 13 6 47 44 74 50 23 25 7 66 69 65 54 37 18 33 48 36 10 12 4 20 60 32 30 41 26 71 35 39 31 46 42 8 70 34 40 3 62 9 14
56 67 29 42 34 61 71 16 49 39 1 72 50 2 46 20 74 14 58 68 48 13 11 3 31 30 32 25 51 28 7 26 8 35 63 64 69 37 12 9 24 65 4 21 40 5 43 18 41 38 52 59 62 66 23 57 22 27 55 33 0 10 19 17 70 60 36 53 44 54 45 47 15 6 73
16 50 41 27 10 47 38 44 56 74 12 0 48 55 18 23 17 3 61 54 32 14 53 15 57 5 33 26 71 22 8 35 20 24 9 4 52 42 65 39 67 72 31 37 13 69 34 73 43 30 68 66 58 29 21 7 28 51 49 60 2 19 40 6 36 45 46 11 25 70 62 1 64 63 59
71 10 34 56 32 15 12 59 30 55 42 53 40 52 62 44 28 20 54 18 48 46 43 29 57 31 23 1 73 16 70 7 19 8 47 9 72 13 69 65 2 17 26 66 4 38 45 36 50 74 3 33 49 63 41 64 58 22 61 21 0 11 6 5 27 39 51 25 14 24 67 37 68 60 35
58 18 7 5 66 11 59 15 30 40 55 19 71 43 6 10 25 67 60 35 51 70 57 44 14 53 34 39 13 56 27 9 46 49 23 72 32 63 4 73 64 12 1 22 24 62 8 31 26 65 29 3 2 36 16 54 68 41 33 74 21 45 47 28 61 52 17 42 48 38 69 20 0 37 50
25 4 66 48 21 54 5 26 68 0 63 10 6 32 2 3 35 65 27 72 19 1 60 24 74 55 39 22 33 30 51 16 41 56 45 59 47 11 28 9 20 53 73 14 37 17 64 38 40 71 49 12 70 52 58 34 15 57 46 7 23 69 44 67 42 61 18 31 43 62 29 13 8 36 50
54 27 69 21 8 38 1 0 65 20 18 48 5 60 2 12 62 19 49 66 51 61 7 15 55 73 57 74 56 72 3 14 37 24 46 6 63 26 35 31 52 64 47 10 71 39 43 13 29 22 44 32 4 40 68 45 50 34 70 67 42 59 41 9 23 53 17 58 30 33 16 11 28 36 25
43 52 17 4 73 22 63 53 57 18 16 42 29 31 51 68 10 59 9 39 48 19 62 32 13 30 5 55 38 61 7 44 34 23 69 27 49 41 35 40 6 2 21 72 71 70 14 24 37 12 58 50 26 33 28 67 15 36 20 25 11 47 60 54 66 3 65 0 74 1 46 56 8 64 45
16 31 69 38 34 65 5 74 11 1 50 19 12 32 64 33 39 3 41 21 14 22 4 70 15 54 53 7 48 47 8 27 45 40 68 52 46 20 61 30 37 9 49 60 26 24 55 17 13 42 71 35 2 73 36 10 63 25 29 43 44 56 58 67 0 62 66 51 23 18 72 59 28 57 6
3 31 27 10 38 72 59 2 61 24 51 41 73 57 29 11 6 65 26 36 19 68 4 48 7 74 39 63 43 20 33 22 53 60 23 13 30 64 47 8 46 69 34 42 45 55 37 17 5 49 32 67 71 28 0 50 44 40 56 35 9 58 25 21 14 54 66 16 12 62 18 52 1 15 70
46 71 6 8 26 17 42 47 36 57 32 65 19 55 9 51 23 44 40 52 25 2 54 5 34 48 50 7 38 12 56 70 33 18 49 29 20 16 4 39 66 73 22 28 30 68 10 24 63 72 31 64 21 59 11 74 43 0 41 62 15 67 14 53 58 1 27 13 3 69 37 45 60 35 61
70 7 22 23 72 68 49 52 29 47 61 32 8 2 54 26 69 74 62 39 37 45 71 34 18 15 63 1 40 56 58 21 6 4 5 25 36 43 64 55 12 53 50 17 60 27 67 51 33 57 3 65 48 73 46 14 0 13 28 44 11 20 35 59 24 38 41 19 9 42 16 66 31 10 30
2141200
2107403
1840969
2217151
2164343
2158091
2223692
2113995
1669402
1846084
1485698
1628333
1686024
2244889
1948452
1536462
1853838
1986043
2155053
1435703
1740862
1830706
1687608
1666265
2237235
1566314
2061436
1592113
2110304
1479013
1723130
1888824
1559456
1402362
1479901
1459359
1898083
1859829
2013552
1909519
1891834
1544585
2116415
2194426
2042697
1936576
1810348
1714556
1374042
1504878
1843254
1578148
1557988
1655721
1812125
2210475
1396759
1703038
1562645
1444648
1898165
1627211
2012772
1939489
1529233
1935370
1552478
1497012
1444604
1380954
1369874
1940815
2253906
1708404
1849153
32514.76 27992.957 62447.445 53169.15 7791.217 45596.48 39788.35 64313.24 32163.682 21708.07 54003.348 24774.578 35975.08 46286.684 18480.273 52840.742 52391.863 25900.479 20556.37 15701.8125 32827.145 44539.26 13400.899 11322.499 38106.023 52341.41 9499.18 19693.34 480.8824 15443.4795 53243.21 38815.355 18087.666 42863.89 57288.45 48171.87 46279.727 36615.426 59857.668 28293.816 48714.32 20707.828 44349.633 38093.05 53474.58 50800.61 11947.976 31392.56 21910.672 40313.59 19609.746 31172.22 22791.818 44558.906 21850.494 55379.43 67541.17 31952.389 11697.079 35231.086 44751.824 10221.905 24120.48 38808.793 21482.844 40836.65 55132.703 19189.271 39123.82 40078.605 53369.37 33536.355 39368.094 4377.9805 30571.547
49587.26 11731.9 55930.47 47189.457 47080.21 33146.754 38160.73 60728.902 14744.9795 29824.23 52943.777 17143.219 19163.488 53008.39 17362.693 41452.418 40777.613 7468.9644 11035.594 25267.5 7806.0845 62424.223 37348.918 57773.215 70228.28 57381.133 51550.21 59893.523 40432.348 63329.043 63514.64 62009.723 24682.465 36306.766 75383.07 56631.15 66095.414 22654.11 62697.047 1428.3851 29164.916 69612.14 24648.248 14768.749 49237.812 58767.86 20738.836 23116.777 64679.05 16334.453 41051.05 26851.62 65016.94 37875.88 10726.415 48470.69 51904.293 13144.57 44452.773 17222.758 37521.094 24002.695 37864.363 56939.21 19285.117 18290.53 52164.504 61448.46 24628.467 54320.086 54724.914 12171.414 34464.742 49420.2 4904.942
18379.658 17377.11 33300.24 34664.855 4034.895 33497.95 29304.266 39542.58 23055.518 18292.4 29021.271 18348.668 23382.139 27699.078 13800.213 29980.178 34975.71 18092.012 16623.385 15903.441 25768.557 26826.246 14630.229 1916.6771 17808.082 30008.139 3430.288 3371.9028 7047.594 1893.7709 29847.346 22362.838 11342.497 30719.77 28445.82 29622.625 28977.629 25054.262 31805.018 21994.924 30326.074 5327.0903 26615.492 27138.38 35131.184 27641.234 13953.357 21013.785 3878.2751 22726.918 10655.696 18419.127 5494.6973 29307.043 20573.205 29857.295 38256.277 25689.557 5436.632 25825.83 34760.117 11489.63 15270.028 16494.691 16756.803 25917.945 38505.848 5166.836 26553.85 19175.484 27887.75 24249.781 24425.973 4869.302 20550.346
43159.484 37379.715 10126.307 32877.184 57578.44 41616.64 16075.83 16536.654 31548.525 66115.586 7233.9463 49650.3 23819.066 24067.998 43916.05 10754.354 30502.969 35591.984 40182.32 54405.113 40093.703 37940.6 58038.92 71509.94 53120.133 17957.943 57401.08 75268.1 65689 70931.49 17558.354 36117.39 45363.324 14947.764 43919 25410.582 23423.447 25954.547 27659.973 39299.6 28128.488 62560.906 32605.87 31297.592 12627.231 21396.162 46903.44 26052.418 71827.09 28136.82 51834.77 33775.027 70097.414 9984.596 49625.105 11106.876 10285.635 25615.059 57971.727 30902.088 31659.494 54655.914 44275.605 37350.18 34338.816 35528.074 18158.572 63619.87 38281.07 35869.78 16356.605 33091.656 21639.572 69260.625 38016.492
21986.574 7878.124 23089.055 17338.357 18797.693 11662.266 20142.17 28800.445 7958.796 9041.123 22818.96 3558.9634 11151.248 21637.936 9782.052 22214.121 16572.668 6115.5273 7610.376 7881.197 4757.7905 31435.617 10658.425 19381.102 26803.387 24236.334 19433.21 28154.283 16711.008 25036.7 29389.818 26154.838 12728.54 15314.425 34427.066 24846.822 26618.463 10963.197 28922.525 3141.946 14635.013 28134.94 9562.958 8153.2954 19051.545 27189.654 6901.509 11834.54 24180.121 9603.039 19366.521 12520.632 22624.863 17781.852 1723.8433 21643.701 24472.658 8406.16 18638.393 9242.931 15301.826 9111.558 19017.883 24209.049 9608.003 5944.083 22309.137 23574.61 10716.574 23561.703 25247.38 7966.5347 19106.238 18341.934 1899.7073
35626.273 67759.51 72188.58 104065.21 76008.87 112727.375 46991.82 84888.9 68510.5 105652.27 50332.844 103151.86 66732.914 32428.785 70348.75 74545.53 96493.195 69064.125 66282.85 93676.3 79582.39 15107.757 105337.83 80473.66 37257.703 35555.973 77059.27 86266.734 87631.89 84301.51 33672.496 25323.486 63704.242 76855.305 4138.0156 25611.807 30553.89 64702.645 25496.865 77130.195 85873.164 68130.9 90066.31 93992.83 84081.945 30249.191 81658.5 60178.6 70996.33 72496.4 58301.27 58841.168 71559.76 60743.695 96687.63 64214.168 76287.27 68381.516 70412.7 85447.22 89895.28 81984.2 43078.652 30278.217 69126.96 97095.73 88119.44 67766.625 93360.11 34805.305 40088.734 82876.91 43460.17 87776.66 92204.31
11197.164 7148.8184 5350.9956 1330.3224 12838.45 2955.4382 7510.349 6377.467 6175.1265 10728.265 7787.696 7755.6045 4318.347 8703.987 8210.897 4793.276 1105.8134 5972.0615 6817.0894 10926.851 4658.284 13846.469 10537.954 14801.166 15579.7705 10371.295 14197.887 17400.447 12928.196 14691.542 10370.353 11711.74 8957.924 3493.6252 13889.407 11732.588 10555.743 5270.6807 11506.828 6380.6924 385.3732 16219.984 2011.0958 2958.528 4148.7793 11634.091 9297.868 5790.624 14768.907 3347.875 11185.666 7055.738 16356.812 5181.311 6534.033 4308.192 5837.514 3918.2026 11642.71 3426.0288 619.0314 9065.25 12284.482 13646.039 8315.321 3939.129 3348.9436 17205.926 2367.1797 11476.412 8730.529 4035.5928 7202.7344 12919.468 5494.748
14063.066 10278.57 2659.2788 9885.518 20137.996 13171.145 5947.0435 6214.8813 9738.216 21333.11 4583.7065 16435.61 7837.2373 9187.926 13321.931 2021.8094 9236.983 10992.076 12392.748 21609.82 11024.805 15823.091 21731.367 28094.275 19817.068 6555.172 20927.396 26993.748 22389.762 22865.754 7996.6777 12060.037 16447.637 3650.6704 15314.326 11263.31 9491.805 8405.273 10428.642 12810.631 8194.457 22784.672 8454.465 9053.08 2844.556 9423.916 19607.975 8390.212 26447.389 8966.128 19839.037 11808.167 26077.463 2605.299 16148.585 2067.538 3334.581 8613.896 20045.748 8108.475 10599.694 17235.17 15966.13 15784.525 11931.998 13135.719 5776.56 26823.205 11937.162 14578.973 7643.602 10129.673 8792.997 24325.967 14993.501
18996.229 19731.557 18377.219 29965.535 40062.184 34952.574 1992.6309 31974.338 17175.59 45452.074 11524.497 32288.072 14888.818 5912.926 24743.361 19764.209 28677.07 19970.82 23791.547 39124.594 25884.035 19850.125 45654.703 47262.465 29069.906 9577.889 39619.652 51005.992 39499.5 44097.926 11332.415 16393.63 24697.582 13692.598 23249.754 11280.913 11682.222 13408.243 13610.173 23172.51 29795.06 47047.465 26836.156 24969.969 20423.521 13363.407 35726.9 12743.329 44773.8 19861.701 27078.238 12178.091 37954.785 11814.848 29876.014 18188.014 24465.64 19522.348 34523.176 22600.205 33760.246 32655.453 18306.895 18876.574 17576.223 34037.11 28863.82 37388.168 29548.324 14611.741 9666.261 22928.094 4293.4067 43531.99 31851.127
39151.637 14397.871 29209.479 19529.703 42460.633 16744.137 29288.098 39774.29 12072.565 33958.89 37851.22 19090.754 9770.787 37943.15 18237.84 25304.322 19178.926 10393.116 14504.1455 27769.15 4702.586 50941.79 31379.637 47797.11 53598.797 37679.29 39778.99 59992.32 42169.605 52618.777 39190.89 44301.195 28846.328 17443.191 49850.777 42628.254 40924.18 13489.001 42124.836 11138.129 12740.768 58070.895 7123.494 2039.3934 22155.926 40615.902 26293.703 12482.572 54328.504 4805.8354 41139.42 24404.803 47258.99 23340.814 15143.402 22773.924 30777.81 6472.827 40293.973 4524.726 16299.485 25515.074 37184.902 41811.676 18941.777 7982.3657 27875.406 52172.05 9048.628 40907.496 38367.2 2717.0674 27731.654 41227.04 11116.535
59727.48 31061.59 55631.906 47695.766 38334.285 35832.23 52161.23 72071.24 30785.436 2069.365 56093.87 11988.621 38686.527 64734.7 29161.004 58170.367 47332.12 29680.625 25122.844 11538.869 23777.773 71545.164 10961.667 35327.383 66238.25 64817.336 36575.805 50654.67 27043.398 39359.14 60773.043 62055.137 30961.486 49253.633 72953.914 61809.91 67686.07 35071.938 68527.47 22811.316 37197.562 54408.68 36974.5 35689.805 59606.31 71961.42 18495.928 38200.363 51591.367 38016.742 38278.273 35818.64 48385.973 54270.41 16553.959 55080.535 57367.344 31627.574 35471.75 33805.1 38689.766 24440.709 44651.03 50612.207 33371.59 28205.953 50628.52 50698.395 31190.21 60100.707 64919 29487.088 50473.117 32460.225 20855.361
23803.15 2254.2476 26100.81 27519.25 27238.062 23862.453 18092.057 36867.793 1373.8971 24445.52 25585.996 17493.498 6034.092 21986.344 7874.1133 22377.799 25833.56 4201.9507 6041.4326 19992.51 10266.535 33596.293 24122.191 35744.293 29577.715 26614.312 26761.635 42087.23 24960.121 34778.62 30749.406 25656.447 13673.07 13787.648 41069.812 25874.418 27529.342 5811.898 27618.83 9038.999 21273.424 32206.916 16332.024 12418.143 23781.068 31526.318 17188.76 5656.457 39525.242 8762.717 22950.85 8171.6343 33734.113 16678.209 15158.621 20952.334 29551.336 5758.4834 22751.012 8350.722 23440.816 15882.644 20056.346 25755.252 6107.3696 14766.566 24867.09 34368.6 19922.314 21076.146 28430.824 7987.9746 13270.252 24855.76 12640.667
32869.773 28589.662 54587.03 47865.805 10292.602 41125.387 42902.36 56902.73 30520.246 22213.598 50562.086 24846.545 36186.35 46311.246 23216.6 55607.383 47138.473 29504.934 22240.314 14477.129 32289.746 50247.492 14170.014 7852.4956 36215.137 46558.324 10807.7705 15280.805 4487.462 12301.929 50194.47 40531.746 18633.002 45008.387 49029.9 48469.71 50479.824 37594.18 47470.156 24884.453 42746.594 18996.695 39872.332 34055.715 49942.863 46675.145 16565.191 33283.367 15931.432 35367.426 18684.645 31866.229 19859.998 42502.53 23568.725 53725.477 60760.133 36404.31 12868.739 39767.188 46560.92 14036.667 23735.805 36238.59 24773.346 34048.32 51509.176 15668.575 41329.023 36888.895 46822.793 33960.777 34166.473 4517.1562 25729.885
28266.582 13612.512 21712.34 11829.463 22986.473 6078.522 21572.955 22556.191 14299.268 9968.134 26037.855 8781.799 12686.465 26717.867 14459.948 19667.406 12369.829 11839.164 14672.662 12424.299 9506.754 31615.424 13078.718 22664.246 30554.22 29158.508 20693.953 29691.678 20485.54 24850.58 27245.63 27673.154 18415.898 18151.902 33258.37 30552.182 29740.455 17301.486 27573.785 10351.883 12460.264 31098.312 9073.692 9480.281 17286.28 30035.412 11661.709 13805.813 27252.174 12863.056 24056.965 20048.611 27243.734 18747.863 8889.654 19132.828 21770.334 13350.23 23013.076 11734.475 10831.712 15960.231 21634.838 26592.432 16001.932 5917.537 17364.639 26694.287 6936.839 23984.787 29251.47 10930.847 21078.406 21300.482 8228.324
14708.437 6862.8804 14478.975 13228.808 11338.254 9833.407 15271.039 16600.361 7082.709 3567.1873 15480.054 305.77893 7871.6787 15733.363 6196.405 13420.444 12035.6455 5773.5244 5908.558 3417.1172 5114.3804 17369.438 4841.5537 13000.032 16048.829 17861.852 11540.263 14976.159 8251.483 13891.466 17809.402 17630.098 8188.6294 12476.697 20411.777 16087.05 19948.473 8354.974 20628.578 3653.1206 11568.011 14013.205 8423.143 7286.7246 14462.304 19209.473 4023.761 9887.857 16010.299 7626.8716 13013.134 9335.842 14711.638 14654.915 1291.2826 14005.951 18526.598 6636.136 10270.553 7747.9395 10498.304 5383.093 10963.982 16242.646 7287.2896 5677.9834 15263.98 14761.106 8032.418 14055.247 19375.541 6971.1157 12166.011 9395.209 3398.6821
87601.37 48494.5 45099.457 16365.902 81766.69 5851.1396 59558.78 51523.168 41215.22 52675.285 69972.695 44207.14 36041.316 77038.64 51586.29 46284.742 15811.742 43039.35 44107.11 54388.895 25446.66 83575.336 68228.9 88232.875 96875.01 71094.27 90528.92 107949.42 73078.11 97378.45 74446.32 93918.52 70693.48 34429.918 107386.81 86808.125 81152.914 43621.6 86860.33 37740.19 13997.139 100698.53 16248.8 19560.002 36607.63 75579.08 59396.547 39812.277 106703.02 26908.184 85044.74 61794.29 91931.266 43540.69 39577.914 38172.57 48858.316 29720.236 89769.76 29986.031 9251.963 58493.812 85687.836 96126.39 51129.574 18549.555 35217.223 110928.16 10478.791 73212.11 71003.66 24942.725 53712.742 83320.34 34757.523
10242.991 26916.412 31239.205 51431.09 35911.3 46431.008 20618.83 43158.426 32850.047 50874.504 24924.957 40014.848 30026.43 13053.739 31878.184 35883.15 50262.227 35138.613 30924.37 47937.598 35098.395 1865.879 45995.23 40597.09 12999.886 17087.973 35845.293 39042.637 40769.617 37392.56 16387.682 5554.533 29474.371 34870.12 5917.551 8044.684 12618.038 28295.258 10757.609 40387.938 42746.86 34803.523 40711.977 39511.81 33939.008 12526.564 40055.668 28763.549 37597.28 37688.78 22310.498 20397.115 34672.75 30820.234 40915.656 30932.059 34984.36 33839.293 28894.959 31867.594 48520.77 34449.934 16894.629 10599.964 29045.004 48640.258 45092.145 32862.598 49331.652 8784.854 16640.2 37586.25 16602.008 41106.363 42273.54
8786.537 2815.4973 6264.958 3848.8774 8481.652 3230.6672 6210.301 7299.5063 2297.676 6458.935 7242.852 3501.8584 2032.5743 7057.332 4270.591 4967.7324 4112.8945 2088.1194 2797.416 5526.1133 760.9476 8835.931 5884.0425 9925.538 9067.318 7262.733 9180.739 11079.86 8345.196 10504.044 8641.902 8405.043 5092.544 3489.5786 10553.139 8650.392 8586.493 3075.4697 8573.492 1953.8965 3040.1372 9937.729 1445.8735 516.0496 4503.5645 9024.278 4400.2695 2714.4092 11075.376 1083.4084 7683.5547 4548.2695 9328.289 4629.9224 3415.6047 5195.511 6211.2695 1441.1805 7968.7524 1006.09033 2963.7256 4857.005 7414.1567 8035.7227 3836.809 1523.3766 5606.758 10661.837 1828.0702 8184.2866 7714.331 654.288 5221.507 8020.4414 1916.4882
36628.266 21269.383 36879.47 27694.693 24581.135 20643.498 34016.758 42307.047 23208.314 1404.7598 39037.71 6444.259 22158.402 38355.023 19279.695 39793.44 31464.174 16451.812 16244.942 7624.785 16381.355 46836.227 7757.723 22441.865 37109.516 43470.098 24308.373 29950.178 18319.887 26643.605 44823.996 38521.812 19671.938 28602.174 46272.305 42909.83 38827.13 26907.914 44917.914 15481.944 27585.7 34551.793 23463.28 18573.73 35520.867 41448.508 10248.523 25068.777 29064.266 21056.746 25850.271 25309.78 33363.344 30448.125 9172.494 38380.188 37991.86 21790.842 24465.168 23324.096 29512.49 17433.355 30439.246 32967.523 20379.855 15498.433 38281.855 30184.467 21398.775 39363.055 45878.36 19216.31 29783.373 21741.184 13282.772
61928.164 32834.703 48677.19 35936.38 46127.723 21554.242 57284.05 60857.234 33165.363 20069.918 63540.355 15624.7 33071.523 58200.082 31384.71 49527.24 34800.887 27118.242 33325.78 25219.914 20868.975 74135.81 32440.871 62815.06 67295.2 63366.406 54705.08 69606.77 44862.6 58020.4 68210.305 75869.766 40187.805 39783.875 90120.88 68983.88 71889.83 35489.33 80247.53 20733.1 30513.99 75502.7 22814.078 23287.396 46978.37 67168.8 29394.633 37476.56 66154.23 30322.781 53380.273 43745.664 62258.438 49812.055 15309.215 47172.59 53648.293 32241.55 57726.117 29594.164 27210.404 34711.348 53320.242 64641.55 35075.355 13875.466 47761.6 64259.52 18794.148 67702.91 69576.42 23903.52 52404.37 47751.02 17877.676
9194.905 22042.553 46916.58 55913.887 28947.852 52533.445 20707.86 59015.918 23581.615 45950.637 34788.55 38192.426 25778.28 20805.29 17776.658 41712.594 51573.86 25188.2 23548.158 40479.723 31330.215 21529.531 44567.26 35944.727 18020.568 31001.322 26784.367 38700.71 30637.814 33062.79 33761.105 17318.848 15411.801 33171.406 32865.28 22671.334 24337.643 23343.549 27731.916 28219.14 44255.312 34965.355 40527.695 40396.547 42690.68 28901.6 29016.037 25356.047 34923.305 35060.676 11983.728 11168.811 26815.334 34085.016 37904.637 39467.4 45685.46 27536.139 21552.97 29574.996 50198.53 23635.996 4652.2124 10801.128 16160.73 39718.63 51444.97 31929.959 44697.89 9192.873 30724.055 35853.46 15716.448 30824.965 38594.21
10704.3545 5935.8438 5809.8325 1852.042 11345.776 1372.2051 7242.5166 6136.1865 5935.3574 8114.4834 8058.774 7030.753 4723.4517 10039.204 7116.3384 5077.3394 1764.1908 4938.508 6509.987 9151.695 3855.9866 13867.748 9970.671 13965.796 15241.462 9112.08 12730.37 16013.349 10091.135 14640.589 10047.764 11588.953 8644.004 5151.2007 15074.619 10610.426 12024.495 5854.911 12972.242 5283.176 1335.1118 14939.735 2011.2986 2812.7124 5392.6523 10870.971 9093.145 5042.3853 15630.016 3518.6643 11689.925 7471.622 14581.581 5886.152 6128.2993 5081.1978 6835.2793 4075.952 11140.861 3550.1077 830.3963 8536.947 9619.077 11141.563 7794.6436 2562.5337 4296.205 16103.787 1257.6509 11749.539 9009.092 4012.5278 9034.38 11114.412 4716.3916
56764.703 43414.906 18288.236 8199.908 70052.6 23411.885 40803.5 17166.457 35931.113 58638.176 32768.426 47332.293 32373.09 50980.332 47732.87 16279.538 8725.554 34457.863 43496.598 62027.22 32828.984 66814.04 62419.9 82452.81 68905.305 45741.027 69958.16 88563.75 71233.61 88530.4 43504.45 58688.086 48069.445 22698.385 70866.48 52879.246 46838.625 30611.383 56184.45 40782.19 12864.084 86633.7 20976.797 28218.414 14375.442 52042.6 58700.848 31485.799 91893.24 28495.459 57044.355 47280.137 86009.055 27763.934 41596.527 17651.258 19344.223 31211.338 70283.67 25767.75 12215.884 58461.137 55948.016 64657.09 42493.16 29265.43 8528.746 78253.3 23674.67 63001.34 46070.48 30530.383 42435.902 77939.445 34640.305
16783.443 10875.548 32973.105 28931.848 5073.999 26046.018 22167.621 39553.758 15644.368 14742.487 27262.064 13453.818 15565.415 24950.371 6774.168 26241.549 26563.773 12204.175 10702.243 8071.981 18023.008 22774.566 10451.642 10661.534 21005.209 25253.04 6407.8687 13003.197 4348.36 12482.23 28701.145 20818.469 5738.667 25433.738 30123.424 28191.791 27656.395 15477.437 27375.209 11710.913 27174.154 15021.571 22974.818 17246.6 28576.035 31176.55 6216.2466 18573.809 11968.694 19260.455 8662.696 14213.204 11909.092 25200.564 11194.558 30365.652 30432.473 16745.104 6073.7646 18156.133 29683.574 3166.9294 10491.324 15898.313 10012.304 17679.645 34538.562 11821.673 25397.926 16387.252 24805.117 17857.729 17519.852 5896.876 15296.883
13426.329 5988.3633 10728.143 6888.9536 10969.437 4398.92 9505.265 12736.572 5636.08 5596.1934 13117.6455 3312.9775 5263.4355 12217.95 6646.0054 10549.757 7539.4043 4296.466 5360.5215 6087.197 2677.6206 14451.721 6359.283 13362.014 13965.425 14832.562 10478.172 16238.528 8769.485 15392.388 16003.866 13659.789 7817.303 8005.139 17076.459 14102.608 13472.885 6546.984 15957.427 3617.2656 5936.825 14558.837 4705.237 3387.0798 8927.591 16186.5625 5426.253 6765.6924 14363.783 5127.1597 12690.475 8076.357 13789.348 10034.627 2736.6077 10354.155 11457.639 4519.289 10442.502 4987.1323 5571.8247 7776.884 10577.5625 12433.545 6709.495 1618.6046 9440.288 15592.462 3062.9717 13126.1045 13672.656 4227.4126 10819.824 11745.336 2272.172
9714.876 3840.3872 10176.086 7107.9287 7406.846 5987.968 9638.961 11410.007 4334.001 3418.6619 11127.212 1134.0892 5352.4478 10744.294 4880.4624 10345.594 7557.528 3630.7627 3884.3794 3674.0352 2901.5186 11706.942 4410.2183 10090.7705 13463.675 12414.656 7637.7915 10005.904 5849.9136 11052.755 13415.392 10901.033 5781.208 8195.119 15676.901 12104.765 12359.483 6005.8706 12742.378 2289.453 6520.541 11228.316 4855.288 4103.9185 9305.619 11871.152 3043.4155 5873.445 11899.804 4548.074 9020.946 7025.857 11193.012 7697.0527 624.2652 9668.159 11411.828 4382.5557 8286.79 4358.147 7093.603 4149.9546 9397.111 10654.033 5135.1274 2984.8105 9677.203 10831.713 4573.317 9649.178 12665.347 4070.2063 8119.0254 6930.2476 1436.9133
45772.305 22528.14 25935.69 25661.227 55410.19 26157.936 25368.252 33023.555 17328.93 47819.348 33312.246 37220.37 9718.874 31785.09 34764.85 17224.102 24112.98 18688.623 26596.195 48551.355 17234.314 47126.234 60380.324 70821.71 55816.266 32741.36 57872.21 84894.055 56342.56 80452.8 44505.516 44981.34 41892.125 6625.146 67802.12 48016.027 44194.01 12113.907 48588.44 23020.969 16505.438 76878.555 13214.475 12465.375 19422.162 42348.746 44186.242 9862.975 71077.82 8311.206 50862.48 27408.984 67403.2 14203.801 34570.477 17487.344 30047.82 11400.022 56741.695 8909.427 23765.11 43921.66 43497.215 49953.586 29928.936 26268.8 21950.232 68145.59 18577.914 42468.01 37078.746 13597.389 22743.137 61066.113 28405.46
1970.6058 1390.5654 3723.4097 3992.8516 1170.8583 4155.225 2657.358 5179.803 1699.8136 2559.5806 3442.0151 2205.6084 2424.0496 2777.3347 784.73285 3752.705 4476.979 1724.0011 1283.0302 1630.5273 2087.5872 3328.227 2191.376 1905.1853 2499.8706 3702.0205 1067.4592 2412.951 1257.2482 1965.439 3616.8557 2365.155 310.2025 2940.1982 3322.553 3399.4004 3422.0334 1781.8473 3630.9382 1691.1989 3233.08 1917.7135 3309.5085 2439.6401 3990.1545 3228.9763 1247.4918 2270.6475 2075.222 2818.9958 790.73267 1462.458 1849.5347 3196.32 1939.2124 3314.7043 3959.48 2036.0436 800.5921 2465.7927 3862.946 685.55585 1109.1417 1740.1515 978.6151 2805.3735 4272.339 1959.6449 3290.0295 1940.6146 3119.5662 2544.7412 2043.8682 1255.5922 2068.818
5795.8335 39961.836 59544.566 74424.516 33091.707 74738.586 34653.01 70957.195 42944.293 61824.49 50296.996 54303.355 41443.586 25285.568 34401.098 58327.527 72705.93 47108.72 36156.12 49058.566 55339.363 20323.416 59957.61 42038.246 5967.683 41393.227 33385.832 43432.566 48059.027 36001.133 35893.688 17998.637 28814.69 51795.312 30828.361 30115.697 36589.7 35761.75 33486.047 49765.934 59803.38 33106.61 58829.77 53476.027 58627.645 37931.03 43666.094 40150.707 33781.688 56117.18 16417.775 27304.53 32743.406 45656.7 54045.617 55483.195 64395.023 49220.832 32622.92 51974.56 75785.65 41880.57 12763.345 5141.3945 33262.72 65071.492 71534.06 34833.91 64602.223 10306.792 43499.312 50015.434 26918.42 37867.75 50230.957
18938.332 17192.336 8597.629 20179.672 32767.586 27412.303 6496.6226 14006.97 15903.633 38008.93 902.56006 26752.664 14893.957 9062.321 20198.021 7964.1235 20571.7 21773.562 21840.467 32195.436 19362.443 18161.258 38285.664 34785.406 23567.69 6529.1504 29995.035 40639.207 33997.055 35877.992 7655.643 16378.379 21905.334 10072.097 19859.947 11129.331 8663.358 14788.551 11568.124 20748.135 18655.979 32904.934 17795.008 20976.87 10500.484 8230.407 27458.486 13335.067 41158.203 18150.611 25149.523 15940.3125 33643.31 6380.566 26989.178 8043.19 9656.308 18353.533 28081.115 18381.688 19557.11 24351.38 19845.143 19579.984 20819.762 25403.525 14503.47 33184.54 23968.436 17403.309 5911.6636 16850.201 11045.838 36592.082 24134.209
73038.74 55273.477 8741.285 31412.104 98738.195 55944.855 41091.562 5490.104 56112.727 88532.27 32600.115 76056.086 41414.984 46478.977 63647.992 14892.687 33576.516 50237.94 60072.57 78688.24 54901.617 77501.84 99046.86 123638.23 92609.586 42337.887 88294.125 120063.2 102208.83 115927.55 42135.633 63058.836 79117.836 30210.295 79082.12 60508.79 50754.754 47617.277 60276.754 59741.477 34230.816 117229.83 36916.434 41142.055 13358.552 47899.12 80221.91 40391.04 103578.42 40132.582 87325.46 61969.34 97416.15 23742.13 72196.445 14065.146 5952.055 44317.08 92041.484 46862.94 41600.668 82455.336 68016.56 70791.914 58767.56 49792.723 12621.468 107944.29 42532.453 61871.496 42061.695 43955.34 45032.176 110066.5 58041.734
42184.664 12711.22 36081.977 30307.9 33560.85 21155.982 33325.848 46805.254 12446.722 21773.459 39407.65 9875.354 13808.587 37494.613 14805.11 35011.465 26839.656 9367.677 12489.831 18620.174 5215.76 50161.473 25617.818 37288.086 47151.336 45906.758 34404.81 48269.332 32032.658 44432.05 48858.06 41857.78 22296.41 24970.562 58401.688 42401.355 48631.277 18952.756 52373.043 3374.967 24842.66 44159.258 15271.205 11119.364 34077.895 53334.633 14353.036 17281.254 49872.645 15306.427 36064.824 24476.186 42196.67 32215.777 6259.4824 35538.805 41037.074 11939.67 35346 12033.419 24387.043 20858.635 34153.332 44189.156 19212.604 11478.242 34845.137 40609.504 15570.455 41995.61 43346.176 9500.443 32852.832 30101.275 775.4151
101859.85 56644.035 79454.76 62806.277 70998.766 38060.42 75227.19 99869.375 48970.39 25761 104537.94 25095.55 53933.863 85684.336 60692.4 83852.17 59257.66 46121.758 54457.91 38920.688 40939.793 102827.05 38125.234 80189.195 95525.67 102252.8 74090.69 92903.37 57894.965 85709.7 101024.086 104066.49 68927.62 73352.38 112663.734 94022.1 96019.78 60684.438 119990.72 40758.668 53601.7 98038.67 45178.703 41092.453 75709.6 94925.05 44559.227 62680.605 96710.45 48184.895 77563.914 63973.562 84994.72 68086.37 27929 85546.016 90289.78 51550.113 78842.12 46864.617 52053.57 54062.75 75114.91 89324.15 56471.344 33874.96 83577.06 87586.98 39897.336 86550.59 109558.28 44016.41 84687.87 70908.38 32232.295
62468.043 31886.42 66115.01 57597.797 35136.65 36221.266 56110.445 78629.6 35187.508 1127.3528 67503.07 12792.595 36065.977 67457.46 31308.586 62086.992 51455.863 31515.803 33279.547 13714.357 32492.205 70392.07 9905.138 38272.676 67632.375 67504.54 39022.457 50137.684 25429.504 49459.875 82371.445 70878.53 33693.293 56303.656 77662.42 67720.266 66508.13 43617.42 69341.02 27369.287 47003.367 50680.117 43442.555 38997.3 63699.676 69696.01 19088.857 42437.195 54688.332 38904.508 44635.695 41505.613 53615.586 60661.86 15562.607 65893.27 71903.7 35727.89 39119.69 41847.043 43021.973 26802.186 53931.81 61341.215 38394.758 29046.023 69152.61 49904.008 35073.676 55359.49 72267.62 32548.28 58008.918 31147.414 24040.395
48256.043 48260.363 92281.32 87692.555 13230.391 92079.95 71924.734 115013.875 56215.477 54697.047 78661.98 51564.727 68280.7 65578.99 39996.074 91758.17 81286.92 53336.207 41858.375 41873.707 54362.598 63357.297 42120.742 7549.292 47844.113 83333.516 10415.543 8386.457 19489.758 1906.072 81424.336 56102.043 33407.23 69475.26 67513.67 68577.79 75586.19 56509.363 82855.164 55666.277 76101.375 12227.89 79439.625 74027.555 79669.99 78922.98 37065.85 62084.37 9019.747 70992.945 26940.8 47908.957 10931.004 82048.77 56572.047 85012.27 93258.984 57428.85 16592.654 70855.38 79485.85 28728.592 39573.02 41959.113 38409.844 69943.94 86755.48 9751.012 73553.86 55219.492 79702.54 68779.92 56669.945 15194.735 54113.98
16265.341 20030.732 57458.848 55795.465 17374.996 59031.934 33570.93 65337.203 28586.629 41070.344 44374.395 32644.533 34597.355 33683.355 16910.412 51785.695 56589.906 28231.176 19679.35 33810.836 33653.586 36215.344 39030.69 28234.81 21058.916 40112.094 16906.361 32487.357 22972.295 25050.723 48264.273 25741.078 10124.969 39217.71 42725.117 38841.613 41890.363 30019.865 42992.82 26789.117 47484.18 24042.656 46560.113 40607.94 47701.652 37664.484 28204.463 31385.098 27733.934 32912.953 5078.529 15643.91 22515.12 41295.105 31719.623 47500.26 53482.344 32649.84 14011.907 39115.254 59612.08 19175.264 6894.9966 17968.945 14810.894 48575.684 63049.4 23927.83 43413.92 19301.996 45268.176 31532.19 26700.686 21856.193 31720.232
31555.979 41864.375 78001.96 79333.875 13278.66 82271.234 58717.98 91466.234 51810.656 49100.797 68965.1 50831.547 52666.695 57982.89 35152.887 83786.03 81915.71 53185.94 40940.617 38629.758 52255.305 49804.664 41376.26 18827.896 28983.525 60151.066 9738.538 15571.278 25448.512 11812.471 74961.14 46796.63 28599.795 67843.96 57720.68 59164.91 62820.69 49415.94 70501.35 52324.633 74996.54 8578.404 70332.484 56864.555 75467.66 60353.016 37536.03 53289.082 10947.031 56633.27 15325.5205 37299.625 5480.779 66304.37 56112.754 70927.94 95534.375 57177.367 10945.874 65992.164 82218.805 32246.602 29063.232 36964.99 33352.09 61214.78 90615.47 5250.0825 76518.26 40119.168 66045.984 63899.605 54913.97 16574.941 53862.996
28563.705 23127.098 14579.795 30805.826 48586.906 35540.66 6468.8247 24851.572 19541.404 54179.816 9077.324 42193.51 18251.615 13415.052 31260.127 13255.66 27928.883 24150.467 26597.543 51791.02 27692.125 27796.23 57202.883 53978.426 42779.703 13232.126 49422.496 57346.613 52883.15 53784.773 18235.348 23930.25 29862.932 12175.551 34489.895 22993.348 16679.227 14799.67 19672.791 29274.482 30017.688 62869.438 26721.45 24516.402 15644.898 17314.545 46395.31 14806.855 54857.816 21214.2 42802.84 21928.291 52579.01 6252.506 42256.152 14114.953 20239.92 20964.312 44462.906 22908.28 33010.82 43323.645 28767.682 31004.928 25708.848 38104.58 20922.266 56535.08 33087.78 23973.363 11875.732 26778.25 11849.349 57979.02 34763.613
3602.365 4416.4175 7774.4756 7927.118 1117.3981 8011.8003 5037.988 8385.082 4893.07 4344.29 6690.2363 4802.2974 5043.731 5442.0723 3645.0676 8074.207 7791.3804 4271.399 3625.6895 3609.2317 5058.5347 5627.967 3667.2903 1471.111 3550.7495 7041.6436 832.6238 1155.1439 1739.3087 746.657 6779.2896 4333.8047 2409.9841 6305.7773 5718.324 5678.4336 5586.883 4572.4224 6787.18 4321.878 7847.417 798.9979 6927.856 5391.4307 7649.555 5865.9746 3744.626 5555.8896 826.2839 5515.8364 1805.4193 3757.6501 526.4379 6189.6436 5083.9766 7249.78 9041.599 5196.2515 1064.6134 5268.841 8213.162 2557.2158 2642.3845 3615.0066 3784.801 5726.645 8369.712 387.0283 6369.2285 4319.2124 6503.482 5309.0356 5153.918 1425.3496 5405.4395
29209.48 23438.861 6623.4907 21405.846 38952.145 25702.982 9615.71 14065.979 19904.809 45373.34 9615.864 34402.2 14445.918 15807.619 25494.03 4811.755 19272.562 23131.072 23653.064 37345.1 22643.232 25940.346 41402.254 47435.324 34753.895 15922.52 39927 56908.523 40497.133 52020.97 16050.67 27063.844 26454.613 6509.305 33198.2 23703.482 18265.75 14007.916 21035.984 24041.67 17307.965 52662.04 17542.271 17604.998 6082.695 20727.082 33477.887 14665.882 56349.2 15271.725 36815.55 19195.139 43650.45 3085.5823 28269.012 4552.278 8649.825 17684.814 35672.113 18020.281 21032.846 30076.543 26125.617 29231.303 24804.275 26312.682 11596.291 44328.465 20886.018 28075.81 13490.598 19260.615 13422.384 44990.37 27948.604
27263.55 56689.65 88105.266 109192.82 29307.365 90239.79 61536.53 112586.11 59758.277 74041.195 81285.45 67134.99 70296.16 53115.035 48233.695 88664.97 105785.46 60449.98 53326.18 65308.633 69205.195 48546.41 68854.7 39122.15 20072.314 69662.93 25538.51 32237.371 40985.645 30817.557 67131.27 45282.75 38200.133 68320.914 53082.04 49299.625 61407.1 56407.07 63929.5 64183.293 92814.07 20170.43 83317.53 80691.805 83602.836 64748.047 57014.55 58561.266 21572.172 66307.56 17231.92 45133.9 16693.178 70943.414 65136.383 92047.96 103254.195 65287.535 20949.502 71763.75 98109.9 40494.336 28006.334 25101.81 42114.51 77207.56 89084.99 16681.95 94352.28 30847.16 62476.945 76521.695 53292.56 38674.645 66403.11
63098.625 29836.979 84972.64 78637.48 31016.4 63070.008 64960.32 105549.97 37463.14 32335.754 89014.08 21551.146 44672.227 75487.9 18022.336 73779.72 71006.164 31565.027 19050.51 13589.216 31703.207 74467.805 20337.348 43550.86 60774.28 82379.41 34450.81 48521.496 19737.217 50318.645 90241.49 73363.19 20035.613 56374.355 99583.125 71947.02 86296.21 46738.86 92906.35 22923.43 65262.062 51908.523 49625.98 44975.8 71278.78 93529.266 4374.9126 49088.05 54314.51 48140.902 39346.137 35519.023 53944.574 62230.56 23678.695 68989.05 81021.305 40719.766 29330.695 43279.285 60736.113 7442.09 40126.402 65258.62 27586.436 48061.95 74942.414 47001.297 59709.35 59198.906 84292.086 38038.17 60390.2 26713.613 30692.688
9346.424 22307.223 34983.863 40553.7 12580.201 42282.508 22905.31 48111.633 22820.467 36113.316 29299.846 30782.658 27678.016 24237.14 17398.646 36825.902 46300.184 26020.74 21350.682 26499.674 29078.982 17824.54 28345.691 17440.26 8276.528 25152.209 13502.22 16368.054 18282.723 14987.572 27118.441 18362.979 15787.206 32461.113 22431.383 22240.281 24581.54 25325.678 28771.621 27058.605 42009.188 10579.146 37952.996 32125.533 36340.92 24721.336 23406.55 23514.836 13326.734 31986.77 6639.833 18360.48 8741.75 28908.994 29483.846 33149.86 36234.25 27949.086 10565.497 28864.865 39053.47 19853.479 9182.871 11142.235 19809.332 37713.85 45487.543 10361.537 33716.027 12476.978 28180.783 32860.426 19346.135 16528.678 31341.822
87150.58 55195.305 33388.418 569.4755 108234.516 22776.088 52578.938 33297.88 45944.473 77853.055 52932.934 65180.535 42134.047 70407.86 68282.61 36188.56 2483.5266 50612.125 56399.402 79084.305 42842.836 94857.92 91550.17 122369.99 97618.24 72193.64 112846.375 132028.83 103327.12 112004.01 76717.61 85117.98 76165.7 34574.12 105282.5 82041.03 76928.914 51076.984 81694.516 52038.023 14279.263 131293.1 21566.973 30270.656 25710.89 83169.37 80410.27 43892.87 126696.11 35354.992 94899.61 63313.438 112485.266 41278.547 65105.035 34242.05 41172.312 39110.816 97001.69 31309.146 10091.282 85912.11 91958.89 85958.36 71635.06 37140.93 21924.785 123663.38 23152.57 93177.29 75343.77 35773.21 67817.65 102850.36 47365.1
68533.94 45061.168 13734.265 14100.502 76863.984 32066.723 35512.9 11787.746 43321.43 70861.39 32595.4 51344.97 32386.691 50950.094 57936.555 17262.475 15461.207 37440.875 53178.668 66908.695 36642.844 69116.71 63289.734 86723.93 75464.73 44414.914 81637.125 93460.61 69581.32 85554.266 47842.316 54994.684 64661.324 22454.969 67732.84 51144.44 49946.957 35562.44 47458.574 39579.656 17666.53 98953.45 28305.121 34203.82 13146.804 50325.562 56643.406 32894.098 96972.85 30627.506 70248.69 44545.527 88965.086 23515.887 55835.297 16410.555 14612.423 32581.654 80083.445 29709.873 19633.87 58289.445 58990.73 65586.49 55117.324 36034.465 5651.7715 85358.93 30044.566 64043.754 43760.6 35310.383 44371.77 79285.39 44695.234
5801.837 7141.771 15417.814 18035.457 11962.414 18790.84 7970.9043 22576.928 7282.93 18135.975 12476.448 15186.824 9715.318 7260.3853 6559.021 16197.944 20448.262 8918.817 8077.607 14666.156 13451.628 10228.606 18248.781 18710.209 10292.202 10447.932 12925.86 20740.52 13768.575 17545.607 13148.783 8289.35 6003.6465 12807.702 14871.178 9992.922 11567.83 6665.498 11451.3125 10453.641 18273.428 14668.833 15398.392 11808.46 16432.812 11098.642 13731.875 7193.01 18153.432 10517.002 7671.821 2475.8435 14923.217 10745.353 13052.728 13614.828 17392.506 9904.938 10948.423 11763.804 20185.299 9167.535 3723.8333 6248.4478 5681.1084 17449.576 17388.555 16133.07 17580.605 5810.5625 10981.081 11099.463 4235.8794 14067.812 13437.924
4580.5913 24215.797 36999.21 47076.555 24668.355 50560.51 22838.312 47004.137 23792.686 39821.82 26783.44 33200.727 28026.664 15970.216 23201.77 37502.37 49291.727 25803.652 28656.85 32006.947 36500.316 9727.866 36238.426 26938.498 3425.2256 20878.562 24781.863 31300.043 28253.959 26790.186 25166.7 9595.465 20008.486 33789.79 15605.276 14705.996 18161.984 25520.348 19291.04 34820.434 41960.504 20964.248 34749.477 31444.545 41177.523 22473.113 27982.637 25206.414 24553.453 29962.416 12989.318 19469.834 19727.504 28760.88 36476.582 35102.453 35445.863 28685.988 21592.766 35592.01 44376.52 27377.74 10833.094 3648.531 23371.592 40941.914 39138.992 20984.271 36827.79 6105.7373 22598.123 29134.756 19436.59 26548.172 38001.824
57574.594 33132.594 85403.1 79125.37 18366.062 66280.42 71320.94 112106.41 47634.023 30958.621 81680.72 32332.994 46543.65 68572.95 26022.861 76847.27 85800.7 39797.555 28924.967 16082.835 49362.957 72679.484 22193.6 22034.197 57424.348 80361 19578.959 33710.645 5867.948 27376.613 87224.45 67006.17 23595.26 71128.516 92049.766 77512.57 78872.836 45593.902 82281.836 39061.836 70505.164 36618.45 68628.48 58881.277 90321.56 76359.914 14212.43 53772.336 33163.17 54264.19 34747.6 43860.56 40458.99 74714.39 32502.324 82087.234 97148.15 48275.64 22576.438 57020.99 82201.48 13171.913 42734.617 59621.812 30946.342 48543.19 85779.35 38646.156 68817.984 55775.83 81779.9 53508.438 63904.832 12800.0205 42004.066
51041.184 53941.277 95470.36 100456.805 19518.154 83130.14 68402.33 99438.805 63894.418 59223.402 77028.69 59922.32 62150.457 74217.36 45057.777 91695.24 85699.914 60073.164 50304.44 42307.355 70942.92 67474.41 39125.95 11343.559 47263.113 87877 20113.004 2555.5242 27776.11 8486.495 79446.54 66101.3 39037.355 70700.64 67567.52 67483.31 68695.88 67840.59 75289.28 56820.645 89900.516 11689.595 75292.07 78409.24 93565.8 81378.62 43777.176 58537.23 7988.21 75512.734 31223.326 55810.613 13779.758 86370.484 60287.82 91661.234 106309.11 68629.266 21562.74 75778.51 94018.29 41300.234 38447.973 46990.87 53913.508 79148.484 99007.21 12509.068 77118.22 55653.367 74254.99 60419.984 57485.082 20162.275 58003.914
28180.783 30053.79 35627.95 48267.887 55167.438 54987.86 3103.424 44770.527 29923.232 77172.48 15641.724 54091.46 30103.73 9492.498 40941.324 30598.928 46588.945 36715.832 32965.95 67217.07 45490.984 32001.238 66923.97 73969.25 44188.703 16591.803 55753.61 84576.33 66019.516 70972.32 17561.361 25075.262 42487.98 23234.422 41993.715 17475.57 15415.984 21056.975 25469.701 43755.367 49452.977 65148.273 39240.34 38223.676 31311.451 20296.572 57944.25 21647.693 75584.42 32482.83 45933.14 21484.793 65869.17 17713.236 57301.094 29313.314 34582.46 30859.885 52516.516 33670.965 53877.457 46089.76 31098.646 31572.232 31399.084 53653.47 45117.48 70698.29 44785.676 25505.55 14945.751 35803.383 7540.534 68529.91 50529.547
2732.7563 1112.777 1892.7484 1274.3976 2272.6975 656.1362 2099.3777 2169.5146 1249.5807 1022.0482 2430.7988 718.919 1266.3195 2744.3335 1266.335 1863.5568 1137.9375 974.28094 1272.0094 1195.7811 626.5741 3282.5828 1438.6782 2509.2036 2792.0427 2548.238 2383.9446 2993.1865 1870.3975 2932.534 3099.9973 2599.0706 1762.2445 1406.2079 3267.1497 2602.9314 2598.9692 1287.3152 3247.3564 833.3957 1065.5059 3106.0618 867.736 791.18976 1861.2275 3059.6357 1349.1469 1466.7712 2672.6934 915.8993 2245.2327 1653.5546 2967.4731 1753.904 658.735 1924.3549 2061.6775 904.825 2463.105 1018.09906 1101.1963 1456.3816 2170.0308 2925.6633 1484.4113 332.97385 2010.8357 2800.6265 542.92535 2540.792 2479.9531 822.9575 2135.3423 2221.4946 571.92096
19517.54 12920.086 33511.04 29211.055 7306.8276 25268.531 24045.672 35878.746 14540.35 10681.576 30330.936 10005.951 20734.426 29413.8 10287.116 33120.723 32444.121 14939.284 11823.708 6036.3667 14705.645 28162.082 6077.8916 10145.355 22037.012 27693.943 8945.446 15338.731 3150.888 11551.501 29942.94 25430.025 8939.298 25133.492 33142.707 27915.08 33563.258 19584.545 30150.828 11658.495 26929.143 14915.557 24685.13 20765.348 32944.887 33660.742 4620.636 19691.13 16892.154 21899.797 13227.395 15538.565 16512.508 24604.705 11773.739 28777.385 37908.613 19226.42 9570.782 20972.16 24913.691 4651.0713 15541.828 20881.758 11154.669 17975.15 36437.395 14467.222 23384.443 24633.436 29124.34 16716.816 21514.736 5898.6377 13708.554
2868.693 13854.799 17016.562 21165.158 12808.606 21111 11228.275 20504.256 13861.62 18961.203 12073.44 19064.424 15251.104 7422.7446 13242.956 16442.584 23879.982 13194.194 14490.049 15786.114 17041.404 4157.7495 20895.297 15751.48 1974.2241 10907.807 13160.2295 13232.707 13945.957 12572.768 10300.737 4294.6924 10124.036 16711.932 6499.936 7751.6484 9310.387 13611.035 9445.8125 16969.783 21959.666 12157.12 17635.572 19374.92 19509.996 8516.238 15048.643 11605.89 12671.724 14912.985 7126.913 10020.93 11536.504 13145.828 18440.549 17508.494 18165.078 14164.701 9825.716 15691.84 22925.55 14082.091 5890.536 2253.7168 11884.9795 17986.125 20163.422 10324.585 19581.023 3623.7173 10572.812 16095.54 9656.727 15392.706 17006.334
12399.994 21865.037 23390.916 33630.62 28911.629 39232.402 15848.023 29004.434 23872.594 40058.652 18335.346 29990.785 22110.158 12058.164 26065.576 27034.457 33910.664 23349.24 25973.709 31506.912 29565.178 5401.1567 32034.955 29674.402 11306.7705 12982.685 27742.836 31374.383 27903.867 27557.412 11809.313 8618.501 22724.156 23356.78 1174.6447 7638.2686 9298.565 23460.834 8257.36 31742.281 32122.592 23065.146 29794.596 27274.703 25221.188 10104.8125 30733.525 21330.68 26274.414 29759.207 20896.527 20442.303 24391.14 23052.123 32545.197 23889.059 26811.25 24755.707 25912.662 26947.906 33715.293 29126.7 15366.258 12305.14 20532.633 35318.77 26903.25 28223.945 36198.645 10714.508 13089.649 29197.604 15274.281 27832.63 31801.916
26340.145 2945.9417 22489.303 21060.045 27087.037 19902.412 19563.873 28271.71 2233.5037 22040.992 26699.201 14479.821 5260.1875 24748.072 7552.0845 19266.28 20335.684 1686.2943 4508.8 18216.975 6686.7007 32636.139 21585.016 33046.348 32196.863 26503.533 26926.223 35827.016 20820.723 34649.953 30875.814 23660.857 12075.856 15362.515 36638.29 25287.521 29382.041 5762.7485 32312.307 5946.21 18750.46 37812.426 13607.195 9346.593 20695.955 32098.537 15366.108 6012.0605 38105.137 7024.6055 23807.145 10707.956 35344.03 18008.676 12590.414 19483.943 27155.03 4221.745 22698.285 7210.689 20089.314 14668.446 19940.285 24454.822 8005.1543 13466.377 23063.469 34583.008 14107.056 20804.986 25856.564 5337.5083 14167.054 25055.701 9496.712
17415.3 7519.9707 16890.94 14893.139 13633.361 10725.119 15258.893 23533.785 9422.848 5548.305 20243.066 1377.7354 10445.842 19454.184 9130.277 18568.896 13049.721 7245.566 6628.138 5831.194 5111.844 24640.43 6789.7 14777.997 20295.176 19760.654 13955.988 18150.043 11266.442 18409.324 20550.229 20749.717 10873.636 13929.726 27577.46 23593.197 20148.799 11824.227 24879.297 4825.6514 10668.315 17986.65 9413.992 7031.842 16319.747 25042.602 5921.1777 10590.618 21144.244 8122.8677 14073.375 12196.574 18074.023 16792.537 1795.4752 16477.459 20845.582 9352.304 14108.124 8026.646 11854.146 7236.0513 16365.936 19180.434 10097.779 5353.415 16882.732 17782.924 8811.61 18491.225 19030.154 6864.8857 14403.747 12218.512 3628.6985
4237.088 2628.4758 6210.3545 6189.7715 1865.2784 5497.49 4928.563 8025.757 3242.2283 2165.2927 6395.4404 2185.0837 3668.4475 5461.889 1818.2236 6357.6465 6040.2095 2710.1255 2168.139 927.7577 2962.7146 5760.9214 1262.2745 2146.2173 5276.456 5802.81 1836.274 3479.4043 945.2318 3044.5042 7121.929 5421.009 1849.8252 5543.7666 7320.136 5608.0366 7038.2476 4114.492 7173.9097 2465.1194 5440.6724 3513.0796 4197.2485 4087.9075 6446.992 6753.4185 867.87976 4092.4626 3057.593 4308.3594 3117.103 3269.614 3614.0325 5829.4316 1937.7064 6610.09 6578.6733 3867.567 2105.8997 3813.117 6145.95 1031.3402 3349.1165 4818.5938 2683.085 4004.3337 6060.483 3478.167 4306.464 4727.001 7111.7524 3854.2092 4817.81 1512.8418 2970.4077
46163.28 11406.75 55634.82 51494.793 37726.438 43844.51 46607.113 63771.582 14843.737 32074.217 53381.816 17664.75 22132.914 54565.77 10881.409 51190.074 54285.027 9791.642 5543.043 22669.94 15307.046 70747.81 33389.797 55525.293 63020.832 59301.777 45560.8 61129.465 38123.023 52073.133 67349.164 56437.547 20589.232 42402.164 74724.98 55988.44 56737.08 24538.125 73836.35 7272.6245 42823.53 63390.25 27958.604 21628.957 45934.33 57962.426 18669.22 24883.543 59511.37 25231.822 40591.523 22917.041 50868.168 38997.934 14784.188 50067.594 67969.734 20016.922 34028.05 25050.996 45955.68 18608.59 40747.918 47019.574 14489.006 26854.447 54337.79 52159.82 30513.668 48412.363 58437.58 17255.475 39957.465 35965.555 11723.795
55694.08 25916.195 56903.76 42214.438 39206.56 26314.934 46897.156 62610.777 25812.709 10916.04 52658.332 6567.7173 28020.95 50432.977 27672.736 52671.445 36072.008 19617.373 23940.396 14863.984 17332.62 71630.9 18427.648 46359.94 66879.09 61121.53 45004.625 50551.01 28997.248 45561.645 65523.234 62340.79 34352.824 43124.414 83056.3 59493.484 65020.89 32951.215 60118.33 15667.904 36058.19 59005.414 26065.4 22703.043 47445.04 60184.562 18870.229 32766.24 60295.65 29467.123 45715.984 32078.098 52673.863 42375.89 9083.955 47818.465 62599.285 28348.56 38592.707 23019.371 35618.684 25232.96 44458.098 51179.957 26159.523 17985.162 49825.766 55089.81 23827.447 58477.812 58511.14 20594.06 42982.227 36835.527 12265.813
999.9532 1080.8145 2007.8607 2276.706 67.57559 2013.1874 1477.2762 2678.235 1189.4313 964.8359 1811.5322 1043.9778 1200.9321 1429.0977 731.506 2107.6404 2307.1282 1206.5465 958.3379 795.75616 1244.9512 1711.1686 786.80316 286.31082 1226.5021 1679.9462 71.0665 475.0104 275.50275 338.20645 1870.7809 1248.8938 648.80383 1847.9054 1641.6704 1622.2827 1749.8232 1309.0499 1895.7753 1036.4078 1997.1406 471.59637 1548.6147 1547.5583 2086.8916 1774.6969 683.412 1436.7992 465.14307 1513.02 609.6431 989.5337 420.70343 1812.8944 1115.4497 2095.006 2005.9152 1325.7291 204.21547 1522.2318 2094.2344 509.60953 831.6686 993.01135 869.75757 1495.0052 2012.1506 408.25748 1771.2605 1185.6427 2034.747 1368.1365 1400.3738 142.82726 1295.1628
12153.1875 4362.164 21615.748 21415.271 9543.991 19955.254 14887.886 26791.646 6306.4736 14217.432 20987.953 9376.637 9227.07 17488.953 900.7073 18765.992 22454.482 6428.7964 3302.831 8996.821 10379.937 17724.26 12493.908 13695.036 15490.004 18047.725 11886.965 18554.453 9622.039 14476.42 21337.91 14896.645 2511.2734 16186.171 26154.447 20207.146 19197.443 8673.674 23693.725 7691.8247 17554.64 16586.246 15888.328 13130.655 19415.924 20554.807 7052.8496 10659.682 15893.28 11315.56 8067.409 6608.9453 17050.059 15141.935 8503.569 18428.69 24391.465 10520.511 9044.659 10870.05 20693.047 3420.117 9581.467 14535.103 2291.4854 15414.069 23284.27 16523.906 14515.327 12246.06 21204.531 10227.534 11183.356 11578.466 9945.898
36075.062 50564.11 27696.232 56398.574 76754.11 64095.926 15410.853 41344.47 38007.46 89030.17 8924.457 65186.41 43929.23 17223.76 48524.008 28080.393 50242.367 50381.996 48784.016 69165.43 57556.17 26695.273 82065.96 88267.09 52288.375 5852.5176 74979.09 91373.1 66954.32 86049.46 5886.2295 26953.037 53899.684 31912.479 32388.727 18415.24 11253.932 33078.246 14504.516 56232.246 51811.03 84217.24 49891.137 49439.316 35829.016 9987.688 64572.93 34264.81 78924.82 48340.57 57288.957 34185.95 71149.97 22881.6 58599.734 27489.324 26936.674 41789.207 59111.625 42480.996 53314.336 64457.055 42561.316 41153.66 51177.223 64093.438 38623.582 84288.55 59528.723 37244.51 4252.1943 49493.03 24778.338 75813 65304.105
35597.2 6262.0903 34949.94 39467.844 44356.848 40648.59 24296.26 45781.5 2233.5542 47298.812 36112.44 28188.953 7367.7944 28312.477 14427.197 32629.992 34496.484 9163.206 13253.678 38666.89 16248.512 41892.562 47193.152 49980.613 48626.707 35707.72 39920.48 56164.49 42061.277 56487.26 43980.164 39263.766 20046.678 19377.375 51084.06 36932.41 42100.188 5370.025 50418.984 14751.437 26716.383 51419.7 22550.578 18317.09 35097.938 45984.324 32369.941 6334.568 53961.07 14201.947 36761.086 12825.071 50325.137 24270.346 26731.77 29438.031 43903.766 9384.733 37654.047 12585.157 36327.51 26846.057 30664.484 40240.418 13319.519 26541.107 41734.137 59803.34 28232.158 35280.867 41022.887 12460.889 20157.967 46023.15 22437.35
24319.764 41156.84 46134.285 65630.734 56966.176 78180.83 14051.363 60870.57 39414.914 83720.47 24638.365 73513.37 41648.836 3333.382 45454.586 38647.246 62300.086 46239.723 39021.99 63690.32 54053.984 17216.594 68771.7 77593.07 38122.777 16994.701 66756.92 80489.516 69372.125 64792.074 19770.316 13106.728 37297.016 39217.44 30219.098 8045.594 11739.55 33044.797 17665.484 56893.094 58550.043 66873.47 55371.242 47932.723 48701.555 15982.48 62650.06 34460.277 63154.066 43335.137 39722.504 24695.586 57383.73 28513.855 67531.6 40156.117 41811.29 42830.664 54980.9 48117.066 70364.81 48690.445 26514.4 21261.172 39787.2 63223.926 55535.137 68202.53 66331.555 17539.98 15836.337 44727.836 14619.236 62872.195 52174.367
28376.205 12155.962 11594.478 16063.75 29565.625 19391.055 11722.528 20240.795 9451.366 34669.086 14065.411 22355.414 5803.4946 19727.79 17186.088 11123.279 14841.899 12735.187 15695.4 27710.816 12350.63 28054.002 31704.188 39211.508 29384.475 19907.354 31151.875 42503.316 33376.29 37818.07 23032.076 26333.062 22388.463 3001.1702 32450.377 20488.086 20041.582 6049.655 25143.758 14477.111 11835.794 44778.81 10601.305 9552.45 11009.557 23042.422 27467.092 4670.076 40669.09 6204.969 26038.158 11981.681 39500.254 6733.8804 18725.164 8652.363 15574.044 6826.121 27883.371 6869.7285 12941.6 25083.113 23490.75 26044.674 16593.986 16368.371 15371.093 42516.355 13354.79 22495.998 18290.057 9673.181 11425.424 37173.34 18028.662
56082.152 36116.66 80401.75 82381.51 22548.014 72734.734 71440.97 112763.68 42605.02 24429.43 93145.516 26201.406 50190.414 73325.84 32672.744 87292.53 84006.11 42514.863 36935.88 14988.7705 48114.816 87967.19 14817.216 27425.697 65577.97 90039.055 23399.932 35058.625 9398.271 31945.516 88959.164 69726.52 31179.688 66250.1 86750.09 89600.805 79529.89 58087.496 81952.83 36856.816 77370.59 47163.383 63936.668 52132.836 83927.055 94365.57 15711.841 51711.695 38835.53 60666.21 35852.26 51633.188 45542.5 81442.99 30632.596 86731.445 103756.41 47222.582 29810.373 56114.477 77294.31 17576.39 45937.383 57604.77 38569.047 46481.855 94895.74 40457.508 67183.93 60941.543 77146.17 50926.566 67403.48 14900.751 37307.89
5787.3164 11238.604 11601.551 17199.182 16379.596 19588.584 5186.757 16646.104 10951.302 20285.72 6128.58 19947.229 11356.838 1580.075 12363.682 12433.223 19302.738 12467.961 12526.272 19609.932 15210.644 3144.5652 21505.64 21959.812 8754.823 3600.255 18029.715 19252.402 17223.541 20921.766 4594.6963 2949.4387 11574.379 11482.103 5845.1045 990.06604 2212.0178 8702.8125 3272.8037 16078.19 18114.43 18710.53 14352.962 16290.126 13064.127 3000.7107 17562.133 8952.927 17517.955 14007.449 11251.599 7457.192 15767.25 9919.542 18903.354 11580.749 13622.727 11823.707 16373.635 13289.285 17611.996 13801.232 8028.526 6136.9355 10899.559 19112.861 15980.508 17427.855 16623.809 5135.984 4515.3984 12516.211 5097.9653 18281.629 17931.168
26477.492 42626.73 66619.555 76765.13 12945.628 79675.586 47478.445 78296.99 45036.285 48951.17 70473.89 47248.4 50211.42 52500.54 34471.996 71786.164 73360.86 40637.645 33818.62 42180.688 50386.42 47768.94 40735.723 23024.2 22800.781 64071.504 11769.959 17563.93 24451.637 13305.698 60048.758 40294.734 25666.885 58421.66 47635.09 48742.586 58523.34 51210.375 62658.535 43639.758 70507.08 10216.241 57959.137 56944.74 76339.05 57275.3 38655.35 44143.99 11059.357 61660.027 13179.405 35498.02 6398.983 62307.82 50146.18 66219.43 85366.02 52993.418 10239.782 51720.1 73037.5 28239.861 22283.412 31032.94 29597.072 66760.836 78032.71 8352.713 71313.85 36039.457 58152.836 59314.965 43642.242 22041.188 45019.77
4439.0522 1020.32135 5792.613 5195.1226 3532.5305 4722.3877 4805.945 8181.926 1631.8689 3315.35 5281.4326 2219.4048 2268.7485 4536.4233 487.55432 5077.538 5154.5166 1234.062 456.601 2317.724 2105.0547 5813.455 3520.71 5034.0127 5420.453 6424.773 4030.8804 5323.452 3061.0945 4717.594 6147.5127 4962.574 1543.098 4041.1716 8119.1953 5655.3105 6621.2188 2477.0522 6576.8887 1467.7812 4386.5356 5407.953 3674.4119 2989.4443 5028.4536 6588.0264 1742.4521 2663.3982 5928.3833 2924.2153 3297.3035 2312.9617 5416.8687 4597.854 1792.8105 4995.966 7353.7466 2275.154 3254.923 2508.228 5101.565 1494.0819 3129.177 4501.762 927.9766 3043.923 6246.8623 4903.8594 3901.5066 4879.7515 5644.2803 2493.9263 3254.13 3860.06 2116.168
68990.24 36016.15 62865.688 48830.715 47308.54 37919.8 67103.445 75841.32 36260.812 13157.711 70668.19 15358.322 43072.477 68575.73 35698.42 63077.508 45162.527 36443.633 33747.17 24252.44 26821.46 80688.4 23928.326 53403.094 86123.81 76827.805 48952.348 70596.6 41429.277 62764.01 79308.836 74118.734 47790.348 54033.145 100739.94 87514.11 81435.1 43131.207 93838.55 25981.49 45222.977 63689.51 41063.117 37094.277 65627.74 91981.23 23963.53 47436.53 69360.76 37889.086 61990.1 45558.25 67878.016 67205.34 18457.861 59817.52 81287.86 42293.74 49102.773 36796.44 44987.566 32194.953 56127 77523.945 39628.215 27664.557 61117.29 67277.44 34362.184 75204.12 86318.875 35342.64 67448.42 49524.145 20808.088
13693.366 6136.856 13274.635 8717.891 9860.905 5201.543 12325.2705 13711.285 7753.0605 2783.691 13857.224 2836.803 6880.314 13758.606 6421.205 12391.229 8064.794 5688.2344 6528.6963 4709.239 5250.9927 17257.488 5280.533 11554.444 15301.42 13275.164 9883.957 12864.568 8746.007 12490.041 14891.687 14599.774 7982.599 8614.795 16296.991 15875.093 13737.6875 8999.352 14905.789 5048.098 7508.9624 13000.673 6516.0117 6249.1226 11980.748 15958.614 4808.22 8330.04 13251.231 6415.09 10313.176 9304.979 13182.217 9852.095 3523.8008 9938.57 13930.103 6742.6504 9708.111 6744.946 6710.0986 6890.7944 10306.38 14186.282 7642.0796 3733.3606 11875.019 12013.936 5258.6987 14305.461 15394.37 5647.4487 10899.135 8578.665 4198.8335
14734.614 47722.4 56816.973 75857 50710.664 82678.57 37505.754 74081.03 54233.664 93237.99 44756.297 75250.88 55886.926 21739.072 51576.043 60685.39 72102.37 55984.094 47535.02 79760.91 59785.742 6618.04 71146.86 63120.863 15725.5205 30673.27 55144.543 66919.49 62496.215 58479.25 31550.355 9698.058 44002.65 53423.11 14947.941 18323.604 22970.33 45079.297 21665.518 63219.375 68380.74 50679.46 65923.41 65346.168 69867.93 26149.057 70547.98 47902.89 57585.652 62591.133 37588.875 39356.19 49554.83 44641.605 62653.906 55387.184 57395.43 51679.43 47395.01 58857.14 76389.14 61327.125 25632.34 15298.426 47446.855 75276.44 72296.375 50645.188 68739.19 15306.012 32304.434 56358.863 28458.223 64858.992 69612.125
5868.1533 3295.128 5303.977 7571.6934 8772.951 6718.1914 2063.787 6564.664 2298.4033 9240.703 4031.5842 7016.4385 2246.172 3897.4192 4014.73 3983.6226 7338.914 3803.5874 3762.489 7920.8887 4300.5903 6809.802 9232.776 10264.674 8370.283 4343.103 9202.778 11880.28 8849.601 11391.111 5517.4053 5252.502 5274.299 2758.3704 8285.071 5509.988 4511.877 1161.8993 6218.009 5000.869 5610.178 10470.624 5032.452 4418.5645 4153.844 5368.476 6595.6396 1511.3549 9857.1045 3365.3328 6307.8066 2044.2092 10308.587 2310.8862 5843.4453 3759.4495 5610.9897 2520.9585 7733.2314 3298.8447 6683.8623 5628.4937 5397.8184 6277.184 3227.4014 5669.0684 5817.226 9405.576 5669.4546 4731.071 4436.8228 4059.3938 1421.1805 8447.264 4847.688
15469.862 11361.051 29605.193 28283.1 7872.236 28572.756 23005.098 33566.027 13493.055 17100.371 25883.822 13391.915 18345.209 20633.191 5919.146 27300.44 32094.258 12643.406 8345.318 11554.087 15300.27 24017.982 12554.294 12952.779 19092.93 29990.61 7678.8887 18107.553 7160.362 14032.818 28157.258 21012.457 3621.5764 23997.39 30780.791 26222.852 28825.053 16064.732 25694.773 13852.09 28855.643 15410.749 20934.09 18408.309 29141.617 28996.807 7512.7466 18021.805 14402.257 19627.447 8202.592 12019.423 14667.115 26321.768 13819.815 28733.998 34028.36 16138.429 6340.4062 18831.947 29640.299 3296.1028 10168.741 18447.062 7803.6167 20292.648 35201.504 13601.535 25533.979 16139.894 26042.43 18233.646 16571.379 7702.797 15009.209
32138.46 45009.188 73488.17 85878.8 17133.934 72516.2 59864.844 86844.46 49727.145 58427.965 71844.805 46640.2 60165.84 52747.785 34344.223 77316.44 76759.9 50938.746 36671.387 43184.73 55604.527 45163.543 45215.992 20673.477 27937.188 60381.46 12473.5 16381.962 25750.598 11154.895 57078.23 41606.105 28855.344 66970.234 55856.81 51052.12 55656.957 52924.207 62920.902 52481.414 72598.44 4558.542 70046.21 65945.43 80048.24 59397.43 37977.848 51364.25 7206.407 56139.547 17371.793 40670.45 1945.571 58202.242 46711.13 69869.87 78006.84 57578.89 14413.302 64810.375 79212.97 33224.04 27192.865 30946.414 35872.48 61879.414 77373.16 4036.94 68457.56 36117.914 59742.734 52640.383 45936.258 19935.305 49609.45
8962.989 10431.2705 29104.477 30951.436 18292.41 35147.543 13896.187 36474.855 11342.438 31440.38 21494.512 22397.31 14916.639 12720.115 9544.138 25540.355 31385.102 14760.681 12357.168 21808.008 20602.44 16324.197 26766.016 26414.041 17402.047 19464.125 17911.146 25856.59 19396.918 26627.947 23718.422 12624.679 8385.6455 19796.271 24044.127 18595.545 17749.857 12121.072 22522.83 18235.496 28559.615 23226.777 24452.246 19448.098 26679.557 20678.691 19481.043 14512.402 23082.004 21281.484 9791.454 4735.1025 22301.049 20016.402 19814.594 26624.594 32704.182 16219.079 16984.068 19394.018 29387.785 16427.287 4839.4834 10234.91 8762.417 23367.264 33549.895 22679.93 27089.494 9498.234 19052.89 17006.346 9161.566 22841.018 19683.73
54129.098 16275.766 41195.613 30784.328 52029.92 23008.896 37370.3 53542.945 14333.556 37653.055 52554.99 22329.264 15324.571 50268.97 25267.79 38660.383 29595.957 10038.592 17939.861 32922.906 1349.2485 66086.516 40103.324 58966.633 64529.855 49272.492 57259.08 78143.59 45382.06 68912.086 65377.258 51658.434 33938.758 27823.729 76711.44 59265.125 55956.73 18402.156 65213.906 8934.933 22774.473 71159.9 14579.959 7505.655 36369.953 65132.832 29657.17 19975.389 73052.89 10950.164 51607.5 29303.139 63418.6 35377.44 18571.807 34637.35 47850.703 10244.77 54835.06 9817.314 29234.91 34601.715 42464.28 56328.832 26492.07 10556.044 43225.09 59847.02 17111.033 54993.285 53911.207 5213.1934 33685.312 56974.81 8994.795
18495.104 27023.21 36209.33 46880.926 47826.703 52979.8 11624.992 48696.06 24245.033 54359.156 23692.432 53459.777 29419.332 7089.856 27856.328 33188.016 50954.61 29254.703 32298.984 53630.074 42207.38 16563.385 52820.133 55255.85 28357.781 16975.33 49308.35 60592.965 52111.93 55644.156 20983.727 12983.778 30448.018 25069.236 26492.648 12622.752 15807.95 22077.828 17369.516 36634.477 43499.62 44903.15 42680.06 34285.33 40016.184 19357.996 44742.605 20744.18 55950.055 29054.809 28992.396 14841.619 48945.656 25398.648 44762.598 30310.375 35815.973 27938.756 37951.234 35627.797 46732.13 38217.78 21082.365 17685.695 21872.23 49647.96 45247.12 49433.938 45689.125 11425.525 19734.852 31335.307 7635.6904 50342.33 40186.64
4581.827 6103.1973 4894.4067 7781.246 9534.242 8683.135 1095.1351 7504.548 5532.8813 12234.206 2332.1682 9230.786 4754.6167 832.1275 5693.2666 4816.4756 8933.043 5751.144 6173.2944 10294.256 6673.266 3528.9797 11218.15 10866.494 6225.647 1277.9025 9314.412 10706.938 9833.668 9868.308 1979.6453 3039.6155 6853.837 4724.2812 4696.5415 1935.4392 1311.6116 4227.653 2535.6194 6665.447 7176.251 10963.852 6799.898 7015.9575 4895.7803 1804.4971 9003.193 4365.666 11156.673 6162.2173 6956.346 4061.1365 9887.142 3606.0044 8632.012 5088.429 5273.154 6106.005 7675.952 5741.46 7500.231 7943.0474 5540.7705 4342.4863 5223.536 8195.427 6584.686 9396.146 7504.7603 3828.8901 1362.2498 6686.8516 1913.1903 10568.671 7632.204
16399.66 8754.196 21887.086 14982.439 11998.262 12507.226 17996.64 21943.383 8798.036 2608.386 23049.883 1835.5475 11075.909 19719.607 8019.718 17904.54 15785.921 7735.177 6937.5386 2474.6638 8303.726 23141.355 3710.8252 11871.536 19098.158 21272.32 12628.634 17489.873 7401.6074 15830.026 25197.791 18892.525 9840.825 14128.461 27830.65 20551.82 20649.605 11413.655 25850.107 5890.3735 14672.315 16636.262 12389.6875 10143.756 17185.367 21738.906 3411.1467 12106.994 16274.868 9881.229 12581.937 11313.191 14794.929 16588.271 2896.2625 17799.14 22680.203 11194.23 10792.958 10543.478 13039.5 5761.6235 13731.205 16619.12 8692.906 8496.404 18883.627 14500.461 11779.87 19003.162 21779.865 8768.903 14112.324 10785.444 5407.4927
14024.534 35121.016 40059.68 67770.22 44506.996 63852.992 19608.467 57359.27 35061.168 71238.37 25372.688 53385.555 36039.15 9586.611 35038.746 42968.414 65477.07 39249.633 44075.01 63521.2 46701.06 7581.7363 71144.81 54726.348 20336.021 16459.08 50513.77 64180.793 58966.77 60384.875 20996.291 3157.4487 37046.78 40458.367 16155.492 7753.9243 12391.353 30683.75 14122.735 51472.305 55512.31 54198.676 54398.426 49665.367 47091.01 14781.025 58009.777 36397.945 58077.977 46321.504 28141.193 26633.22 44193.766 34190.473 49147.25 44766.242 50432.53 44946.074 43890.79 44051.87 64037.43 47578.215 21605.06 15900.09 34066.33 55841.56 54036.418 53704.992 54880.875 8857.45 20980.357 40600.844 18351.97 56543.664 46704.926
44267.297 25191.707 89209.69 75375.8 23278.967 58872.844 60464.438 100423.195 34469.94 35198.477 67217.016 30769.658 41443.152 61325.668 13202.261 66382.63 77710.516 28874.393 18648.09 21016.814 37555.105 68186.48 33617.902 37734.22 57493.36 78112.46 30080.744 53467.32 23331.977 42940.645 83576.31 67700.09 11927.869 57853.402 84639.75 68711.74 70359.18 42238.062 87745.91 24402.818 69139.22 52765.652 56591.043 44601.617 69729.76 74753.67 14901.572 36877 46474.652 47415.566 28684.172 31035.225 49602.516 64443.07 29038.951 68848.16 87516.56 42830.36 26932.664 44765.344 63814.074 1768.8995 32909.53 48684.33 18789.281 47681.92 73926.57 40714.02 51286.57 47276.953 67803.125 42042.543 52234.07 26212.523 34101.29
14765.419 62179.03 74500.36 94212.18 66081.91 112055.33 48475.17 86246.22 58246.78 100657.36 56115.56 82098.305 73127.12 33457.816 58430.88 71162.99 110329.3 67469.43 61303.152 90972.97 89000.945 15949.217 95320.48 75352.32 15722.223 44081.668 67316.77 80367.54 66082.21 69820.43 47126.2 13995.242 47746.85 77402.3 25047.234 30944.947 40917.97 54408.715 36132.53 83099.2 98000.97 55359.89 92911.39 77598.836 86048.27 35506.84 83469.77 56243.652 60281.695 76797.16 39348.152 40976.918 54134.676 66637.17 80260.71 76883.625 74689.336 64609.418 51178.582 71476.74 94600.41 62605.867 33733.08 13854.9375 49131.555 92258.01 82272.375 63643.246 96769.43 18342.01 41494.594 83126.266 41034.484 67275.45 84497.414
33357.676 20112.35 42515.395 31802.688 28021.377 20531.033 32156.938 40948.797 18944.395 5249.598 40701.227 3995.6167 22015.033 40757.6 19422.984 37209.66 30609.621 14643.652 14455.887 8926.468 12900.688 44212.816 10366.658 27369.117 45875.61 42540.78 24854.662 32366.252 22290.988 29392.932 50088.17 45660.324 19200.945 28864.152 48040.63 39435.637 44395.344 24476.418 42356.133 12758.468 27867.09 38564.06 21496.312 18131.518 33477.42 47431.223 10102.757 24908.342 35873.715 20706.273 32662.701 27003.752 33517.12 34729.664 7010.0615 35079.258 38689.684 18945.89 23988.023 18271.53 26264.994 17853.15 29976.096 42201.184 20226.918 14755.463 34726.805 37183.85 19858.158 40208.297 43670.613 17028.867 31719.812 23127.062 10089.69
15530.326 4910.4995 22543.12 24052.102 19412.44 26301.041 11386.074 27053.988 5339.154 27257.33 17101.104 18938.18 7307.0923 13999.674 7904.9385 19670.053 23448.068 7548.485 6925.06 21815.543 13035.927 19669.797 26381.66 27687.002 24464.475 19235.693 20427.105 29944.965 23923.662 26459.102 20876.783 18265.668 9075.219 12967.308 28780.629 18379.252 19168.803 4816.365 22818.803 10345.399 18557.967 26248.512 16534.285 14926.589 18899.953 20217.264 16736.832 6218.1226 29412.67 10293.2705 14691.415 2661.9363 25620.566 12936.811 16263.0625 20571.36 25030.617 8685.3955 19129.559 10684.539 21196.268 14369.142 13207.342 16779.113 4706.7983 17980.049 26150.12 29384.066 17869.523 14500.722 19034.45 11960.712 7408.209 23925.844 13035.934
50397.523 31701.684 13250.776 29836.94 70094.14 37086.195 17065.646 29686.842 24388.885 61270.19 19623.795 44788.09 19112.467 32909.34 35079.27 9413.274 30917.547 28694.805 36170.88 55868.55 28769.395 46877.22 60912.105 73143.05 56230.668 24981.053 72490.76 91302.05 66154.99 81131.06 29950.969 43250.562 48729.51 3571.4014 57389.08 34776.117 32420.416 18368.664 41444.97 34121.715 22758.473 75118.16 24042.195 24397.324 11136.794 31283.951 50991.53 16410.582 88379.9 20620.188 48682.074 29749.463 72281.36 3770.5774 44280.91 8626.727 20878.758 22675.254 54571.586 21555.13 29711.852 50171.62 47933.645 46241.77 38119.676 36151.242 19403.568 78874.984 29365.004 44794.95 28434.826 22351.592 24809.465 73281.94 33536.527
51427.63 31650.89 18611.762 12568.191 70236.74 25518.81 32130.416 24726.238 28960.635 63003.406 35339.973 43454.37 21967.48 44773.727 46331.38 12232.959 12375.372 33389.74 35348.777 54037.69 28550.146 57452.645 61513.383 86026.625 68815.57 40688.645 63670.38 86451.7 71090.19 78117.22 46829.42 50204.883 50630.63 13060.181 70821.29 55123.17 43110.45 23772.11 51758.777 32796.605 7931.936 74803.445 14490.608 18475.775 11216.923 45897.473 45719.28 22131.87 82343.7 18527.832 62589.805 33648.566 80558.37 17234.924 36520.965 12902.865 19945.309 19988.043 58986.414 18952.568 11501.503 48592.15 57211.773 63245.215 42763.35 24608.686 11226.419 83660.5 19997.627 52723.906 37746.066 22054.074 35507.76 64494.945 32451.955
45588.664 31501.982 10085.74 12088.896 53990.793 21189.676 24027.258 6383.942 25668.328 44550.24 20874.91 35462.086 26705.146 31420.479 33490.5 13739.575 12780.195 31103.3 34595.15 44205.367 28719.682 46590.562 50389.727 61678.344 48879.11 30258.69 53070.723 61703.746 55520.152 57805.723 29477.717 39809.93 42091.266 17423.201 40936.055 34948.32 30008.266 25994.81 32742.396 31704.654 14443.772 55371.87 18144.992 23919.885 10987.1875 29781.207 41997.973 23339.596 55837.38 24347.748 46643.867 29352.049 57203.586 18151.33 35967.92 12058.637 11218.164 26718.984 46535.324 24555.758 14618.364 43211.848 43110.547 42579.105 34374.98 23613.605 6718.1255 55573.96 20553.125 43251.06 30035.436 24183.46 27873.176 48661.77 28867.967
33038.367 13239.309 58227.008 57394.285 37374.86 66338.88 28124.738 73582.05 15845.556 58052.598 45160.617 46129.52 22559.17 35775.414 13481.975 54383.11 63511.242 20800.715 16574.088 38898.062 32453.248 51999.848 47686.848 59897.152 46163.527 46445.38 40844.707 66490.75 45915.098 52557.57 53478.7 38135.348 14815.818 39447.72 66184.91 41620.797 40619.55 17828.438 54059.242 25600.453 50860.047 54290.6 44425.02 36751.59 49193.906 49835.348 31004 20465.45 63391.332 33028.11 26675.467 4633.315 53586.92 39557.773 37273.258 43671.027 55103.766 27884.889 34163.14 28141.088 58322.13 28953.309 20357.5 36813.97 7722.308 40286.492 55828.43 52233.34 46621.336 30733.691 46128.766 29529.305 19066.188 46906.65 35300.934
7992.0312 12309.197 12214.563 15613.499 17503.908 21297.518 5647.53 14990.719 11988.465 20060.268 6140.34 17674.129 11451.368 3500.6758 14778.049 10206.582 15451.556 12584.608 14454.952 18990.867 16618.47 4274.794 22702.451 21435.383 10597.464 3386.0435 18404.166 18736.547 19575.451 18440.85 2575.8013 4589.667 12931.011 9971.683 4119.4214 2086.4495 2125.003 10191.696 708.85394 16244.41 17691.225 18122.701 15951.739 13586.157 10743.057 1641.2062 17632.04 12075.459 19650.654 12384.783 11199.547 10636.336 18540.959 9374.175 16800.566 11036.15 10467.4375 13878.227 15788.575 13480.826 18058.57 15540.416 9800.784 8176.113 12076.862 19636.596 15510.216 16289.761 18037.334 6912.023 3959.9045 15585.236 7311.057 19653.63 18357.826
8223.771 5277.49 17340.625 17091.566 5323.774 15163.357 11727.97 22056.416 6691.1934 11122.5 14825.327 7592.8735 9047.129 11381.899 2490.1658 14811.881 17625.445 6152.7446 3912.074 6462.9404 8700.863 15045.004 8372.095 9631.45 12007.711 16148.321 5402.005 10387.394 5924.93 8728.839 17472.945 12712.487 971.93884 11529.76 17174.92 15083.527 15778.204 8693.631 15401.697 6734.306 13877.985 9625.392 11301.968 10958.002 16986.064 16702.74 5268.052 8314.033 10395.3545 10350.469 4672.005 6222.7026 8414.326 12422.704 8285.946 15640.757 20041.887 9099.616 5016.99 9551.305 17097.834 2131.9863 5916.645 8853.379 3776.1504 12884.24 17954.262 8502.067 14461.648 9234.604 16579.338 8724.238 9535.09 5732.7085 8081.9414
41624.785 69825.16 76469.13 99755.09 90252.586 99367.52 48651.184 83364.48 67503.53 119424.125 52733.316 93518.5 77892.625 35716.73 76845.5 71128.05 110532.65 84521.64 76406.44 103413.055 94695.7 16283.438 117445.9 109853.03 38632.984 34124.137 94685.38 99800.734 100843.4 100034.13 31745.84 26957.354 64111.285 68427.33 4342.143 22617.773 27318.62 63173.715 21591.246 84127.01 93390.86 78543.195 95346.03 89025.195 74230.58 26278.9 91941.12 65115.934 97241.11 90266.1 66702.65 57875.543 85992.93 58646.586 107325.414 76163.234 66413.2 78841.04 71443.86 82914.09 94028.56 75316.09 53931.383 39423.473 62305.777 98866.91 86027.58 78606.336 99512.09 33834.133 39172.355 79731.54 52576.13 84692.23 103275.2
28762.514 17132.684 60225.125 60489.97 16353.543 46467.754 36442.55 64423.586 19934.549 32467.125 46822.05 30258.691 29762.014 34810.33 8932.058 52203.633 61735.074 19015.803 15212.639 24662.725 29862.861 44600.668 30778.846 30531.646 36732.426 47877.52 18053.805 35101.008 19795.406 28602.62 44620.17 34855.562 1579.0737 38084.742 58209.645 44019.38 44623.19 26361.484 47037.043 23106.857 46599.82 34965.066 41563.13 35719.113 54030.81 50965.977 20175.664 25048.752 30547.604 31661.734 14026.36 18547.707 29245.389 38156.95 24794.615 47996.93 56118.17 29103.152 15977.623 30710.016 53997.777 9311.824 14202.469 27155.082 9103.441 34878.965 58756.137 31843.9 44488.766 30378.533 45221.465 33235.637 30404.74 19897.14 30029.559
46595.664 26618.078 49416.574 39819.293 33353.977 24029.04 44246.867 55533.07 24337.547 8113.483 53762.36 7564.815 30502.887 49259.637 22319.705 44480.99 33881.66 22522.545 24036.71 13905.868 18292.113 55756.184 13490.56 37165.246 51109.8 54696.23 32815.13 41263.3 25783.61 46981.047 54850.49 59335.91 26739.412 34708.32 68537.125 62409.914 56442.805 28072.99 58082.918 16969.2 30195.678 51996.7 26355.531 24351.188 42475.848 61497.902 14680.689 28560.762 44649.145 28428.518 35626.375 30090.885 50592.336 39243.473 8618.997 44640.562 58433.71 28005.459 34294.355 28386.06 29075.295 19999.943 40811.316 45956.426 24303.816 19214.104 42591.535 43931.184 24676.074 50838.85 56354.188 24869.9 38061.46 28572.41 12906.375
92898.85 53535.082 95842.055 70526.21 67549.8 43673.91 79815.59 97010.96 51096.27 10956.687 95429.24 17552.225 54358.113 105365.53 45468.215 88062.836 62229.6 40038.816 48592.91 23565.451 39864.1 115200.25 27164.363 70160.95 109482.81 105074.7 63392.145 80371.75 45601.555 75859.125 122564.36 104991.57 52663.06 66748.42 131570.69 113861.72 107255.33 63015.062 111820.47 36112.184 66860.85 80400.625 54431.082 47278.863 79743.766 119410.4 29782.455 66319.97 87972.3 53874.023 81627.2 66806.31 82697.47 72581.14 21064.639 87970.28 98621.92 51832.844 70593.72 45993.547 58805.5 39827.867 73707.96 94124.11 53604.18 32496.15 77826.05 87849.17 51880.535 98651.45 98291.03 46308.38 81890.6 54545.387 31233.97
46265.81 29414.729 81430.42 74519.46 18773.303 64285.324 67168.875 93539.54 39800.74 36570.895 86513.19 26888.611 41181.4 64579.97 19034.695 83594.2 69716.37 36482.62 28703.438 17140.197 38889.227 77165.36 26074.885 28201.537 51826.77 76477.55 20989.611 37571.79 8937.299 34218.1 76326.484 66439.6 17751.535 65390.785 92580.33 75361.68 81612.89 42711.93 78006.81 28732.25 66355.82 36521.414 64280.297 46020.414 78825.49 82450.43 13134.418 50940.215 34735.44 47310.227 29988.99 39461.504 37737.617 61092.2 32422.969 83196.97 82670.16 44079.24 19646.842 49693.906 72748.414 8075.9585 36605.08 47348.664 28505.477 51936.957 86818.555 33307.266 63598.73 53632.152 73676.984 49240.723 54711.438 16516.877 35840.84
58675.066 49050.19 9169.428 36008.355 68346.305 44146.324 22463.664 17106.68 41413.21 77097.8 12872.85 58729.234 34111.273 29846.69 56341.414 12692.892 38573.79 45240.355 52481.062 75872.19 43169.137 49767.74 79940.99 82480.68 60897.684 24928.86 73753.36 84376.914 72045.52 81028.9 28582.111 41545.242 55630.35 21602.127 49391.414 36828.895 29273.783 33107.836 33036.39 47289.83 35278.5 91590.375 35003.68 39912.043 15674.973 29768.555 63860.094 35621.14 89662.375 37473.945 67113.984 40689.965 83814.79 17795.654 57498.74 13138.32 6479.598 38384.438 76286.414 38237.703 35841.36 62324.96 60877.95 58130.48 49529.965 53193.465 18777.916 82406.18 48601.375 49930.523 25021.848 41785.54 28975.96 83055.37 53551.5
20610.156 13781.747 4763.5347 12715.18 26941.668 19970.848 7800.457 11261.44 13186.29 29374.992 6127.987 23766.854 10383.486 11532.278 17824.582 3607.7576 13499.707 14146.584 16478.572 27104.016 15931.575 19708.453 32358.549 35296.68 26092.615 10641.004 33055.062 34141.566 30106.062 33660.066 13009.304 18952.865 19151.66 3596.348 22599.625 16367.954 12113.252 10271.813 16918.922 16053.101 10488.93 33987.473 11727.722 13577.804 4529.774 14398.389 22230.67 9526.948 33544.848 10679.283 24942.559 13696.12 36267.98 1621.8049 21535.982 3252.399 6824.946 11488.134 24981.543 11920.952 12903.766 21935.951 20162.686 20056.016 15928.031 18560.068 8500.113 35465.44 13753.16 18829.299 10461.391 12849.597 10994.617 31904.467 17056.734
26421.9 11898.35 21705.645 17750.867 24498.367 8561.249 24921.04 28842.912 11932.211 11146.996 24132.734 6643.5464 14034.793 24335.293 14449.404 23896.928 16532.941 9715.116 12369.54 10821.381 6866.939 30319.83 13100.596 26947.455 32615.611 29092.033 22473.594 31230.016 19232.191 25757.848 29648.617 31507.02 18276.479 17179.54 37605.492 33073.316 28047.02 13598.422 35969.035 7140.532 14095.605 29898.693 9598.648 8712.517 22506.217 30005.463 13050.985 13163.56 29806.994 10870.766 24866.316 16317.256 32553.904 19334.072 5235.977 19357.572 23379.855 12241.436 23743.68 10035.494 13565.227 14404.43 23960.291 29998.02 16351.993 4962.863 20839.996 31916.959 9011.613 24989.875 28003.068 9435.937 21058.096 19973.117 4693.1416
1930.589 12631.853 24396.156 28668.61 14949.741 32262.867 12240.618 31260.69 16215.984 28433.912 20607.023 22693.076 15838.288 11054.468 12080.752 24010.453 26781.285 15045.348 14815.771 21539.865 20725.959 9042.949 21513.133 20391.48 5297.7446 16937.186 14811.835 18945.262 15493.391 17435.555 16637.574 7531.6724 10941.851 19252.12 14091.246 11041.132 15446.394 15593.486 15292.339 20000.426 26839.096 13396.258 22195.973 20015.191 22633.807 15558.727 17449.246 14962.029 16849.988 17949.81 5968.496 9391.893 14531.841 16634.219 22393.477 22736.84 23492.248 16772.107 11908.24 19429.812 26755.361 13689.174 3078.4866 2544.178 10405.835 23729.525 25248.475 13975.822 23649.646 4020.8384 14556.602 20080.094 10567.275 15992.517 22232.729
