50 75
19 30 39 22 7 2 42 45 28 35 17 49 3 14 37 6 0 38 10 44 9 48 34 11 29 40 32 47 13 5 20 36 18 26 33 8 31 43 1 25 12 23 41 21 15 27 24 4 46 16
0 35 24 37 27 33 31 30 10 43 2 32 7 39 8 41 46 4 6 48 18 38 17 3 12 11 40 13 1 36 25 42 9 5 44 28 49 34 14 19 26 15 16 45 21 23 47 22 29 20
47 27 26 42 11 41 20 31 45 38 0 19 4 15 7 14 10 18 35 29 13 1 12 5 39 30 46 48 28 8 22 2 16 37 32 40 9 43 49 23 21 34 36 44 17 3 24 6 33 25
42 5 31 15 2 19 40 30 0 20 46 10 25 34 28 12 14 32 45 22 37 6 27 33 39 43 47 17 26 9 3 35 48 4 24 7 38 21 1 49 29 44 8 36 23 13 16 41 11 18
31 32 21 2 19 30 49 47 8 18 39 1 20 15 0 6 3 16 10 46 13 9 12 24 4 37 34 36 40 7 35 17 33 22 28 23 27 48 41 25 5 26 38 14 44 42 29 43 11 45
38 25 43 22 28 15 27 21 44 10 20 39 19 46 2 48 1 30 35 7 36 40 29 31 26 47 16 33 17 11 3 41 42 49 5 6 0 12 14 23 8 18 34 37 24 9 4 13 45 32
25 44 27 40 12 9 36 48 49 13 2 16 30 11 19 29 26 17 33 14 10 37 3 21 6 1 32 5 31 42 24 41 7 0 38 39 45 8 15 43 23 28 18 47 20 35 4 46 34 22
34 5 40 39 26 43 1 32 30 47 45 20 4 13 8 9 22 41 29 19 31 11 12 17 14 6 0 16 3 42 21 49 44 10 35 38 37 46 23 33 25 7 2 24 27 15 18 48 36 28
36 5 34 18 29 6 35 44 20 48 7 42 32 13 30 11 45 24 17 25 23 38 4 47 10 43 19 28 8 39 12 46 41 15 37 0 33 16 3 2 1 31 40 26 49 14 21 22 9 27
1 46 36 44 5 37 49 13 6 14 0 2 29 28 23 43 40 9 25 17 22 19 10 48 27 26 21 11 24 39 18 35 34 7 45 12 30 42 4 31 47 32 15 8 38 3 41 16 20 33
6 1 32 40 20 39 46 48 4 7 11 47 13 49 27 33 22 35 45 42 28 36 34 5 12 44 9 18 21 24 2 25 10 0 23 16 8 15 19 31 37 26 30 41 17 14 29 43 38 3
48 27 9 13 45 0 44 10 43 19 28 36 26 31 37 38 14 24 21 8 3 35 29 16 30 25 11 41 46 1 6 32 7 49 34 22 33 15 42 18 23 17 5 47 40 20 4 2 39 12
12 20 32 18 8 39 41 1 9 19 13 25 38 33 27 34 40 16 14 11 29 45 43 2 37 47 0 15 7 24 49 4 35 44 10 30 26 21 3 23 36 48 28 42 46 22 31 17 5 6
0 49 34 5 25 19 48 9 32 23 46 16 22 24 18 7 43 4 37 39 8 27 47 35 10 15 6 36 14 28 21 42 12 13 38 20 17 45 41 2 3 31 29 44 1 33 11 30 26 40
40 39 43 35 11 37 20 14 26 2 32 47 31 15 0 22 10 6 49 28 25 21 46 41 8 4 38 5 16 48 23 29 9 33 34 7 19 44 13 18 30 27 36 17 3 1 45 24 12 42
7 34 5 27 40 1 39 6 19 14 18 32 11 43 16 35 20 47 49 42 28 15 31 38 33 0 24 12 10 22 3 25 2 36 48 41 37 9 46 45 26 30 17 44 21 13 23 4 8 29
30 46 34 3 19 39 48 1 47 20 15 44 10 22 4 6 5 42 8 38 36 45 18 21 2 24 43 28 49 16 31 23 7 13 25 35 32 27 40 37 17 26 12 14 41 11 9 33 0 29
12 43 38 17 19 46 22 11 4 14 49 37 39 20 36 15 2 29 27 23 7 3 28 32 48 30 6 35 18 41 47 33 9 16 44 31 8 34 45 25 13 26 24 42 40 21 5 10 1 0
29 24 23 6 11 26 19 12 2 22 39 47 17 16 34 32 35 49 28 0 9 20 3 41 46 15 8 45 1 10 33 44 40 7 30 18 4 31 5 21 37 25 14 43 48 36 27 38 42 13
16 38 24 23 46 25 41 34 29 42 49 0 8 19 6 22 47 37 43 7 32 21 33 18 12 3 5 36 28 1 30 20 40 11 14 26 2 9 27 13 15 45 48 39 17 35 4 31 10 44
42 49 17 46 11 48 33 8 38 34 6 35 4 36 27 37 15 45 18 9 12 23 13 26 10 25 3 7 30 41 43 16 47 19 28 40 29 31 1 5 24 14 21 44 0 32 2 20 22 39
8 45 42 40 0 34 1 41 10 46 20 30 48 49 26 6 3 7 2 18 38 15 29 21 28 5 44 22 43 37 27 9 17 23 35 31 32 4 16 33 11 12 14 36 19 24 13 25 47 39
21 32 20 23 41 10 13 19 22 36 39 30 24 1 2 26 33 8 17 4 14 3 0 35 42 28 37 16 47 15 7 43 5 31 45 46 18 27 44 40 49 12 6 25 48 34 9 38 29 11
38 30 23 32 31 47 24 44 21 41 6 0 25 35 13 12 14 28 22 9 36 18 17 15 20 27 26 40 16 19 4 1 39 10 43 48 49 8 11 46 33 37 45 3 5 42 2 29 7 34
19 7 8 27 1 36 49 23 11 0 42 38 35 13 32 48 17 37 39 3 6 12 29 40 22 24 4 21 33 10 20 14 25 2 30 28 47 5 34 31 46 43 26 18 44 15 45 9 41 16
46 1 45 7 16 24 33 21 48 25 30 9 31 4 15 8 22 42 38 39 6 10 29 19 47 20 3 5 35 43 34 18 49 26 44 36 13 12 0 28 27 14 32 40 17 37 23 2 11 41
21 28 46 12 37 6 39 11 4 24 32 22 1 41 18 36 14 48 27 17 33 10 47 19 43 31 29 45 3 7 38 35 9 15 42 16 2 20 30 23 49 25 40 8 0 44 13 34 26 5
40 17 0 29 37 3 23 15 44 42 41 24 10 19 31 34 4 27 7 45 5 35 13 6 11 12 18 25 46 9 14 28 38 8 43 39 16 20 26 36 21 47 2 32 48 22 1 30 33 49
15 11 29 23 37 34 7 2 8 3 19 47 38 17 32 6 48 21 16 10 9 24 45 44 18 25 46 35 4 39 12 40 33 28 30 43 26 5 13 20 49 27 42 31 36 41 22 1 0 14
29 14 21 49 24 31 26 41 8 18 28 17 48 36 23 11 47 6 20 3 10 38 46 22 12 39 1 19 27 44 4 13 7 33 35 9 5 34 2 16 15 42 32 45 0 40 43 25 30 37
32 4 37 18 40 46 19 23 13 36 39 16 24 47 35 41 9 28 10 14 5 26 38 43 8 17 0 30 45 31 33 27 48 6 1 44 15 34 42 20 21 2 12 22 11 7 25 49 29 3
37 0 20 1 4 40 34 21 39 31 28 7 24 47 23 25 3 48 13 27 35 15 43 8 38 22 5 49 6 11 26 41 9 44 29 30 17 16 32 36 33 10 42 19 45 46 14 2 12 18
37 19 30 28 13 31 2 45 12 34 6 27 46 42 33 29 4 15 24 20 43 5 32 0 41 35 38 8 48 25 10 47 40 17 11 3 14 16 22 7 36 9 1 23 44 26 18 21 39 49
15 37 33 16 27 17 20 38 4 36 42 49 28 46 7 35 10 9 34 24 31 2 32 47 41 19 14 23 11 30 0 22 43 12 6 39 8 25 13 3 48 18 1 5 44 26 29 21 40 45
23 10 32 29 38 21 12 33 19 37 36 27 49 47 35 22 9 6 28 4 26 5 34 25 20 43 13 14 39 17 1 18 15 42 48 24 3 45 46 44 2 30 40 11 0 31 7 16 41 8
9 38 16 0 23 40 42 25 36 47 14 2 33 17 5 37 19 44 39 43 24 27 34 6 8 26 49 31 45 20 32 22 35 28 3 4 10 7 30 21 13 12 41 15 46 1 11 48 29 18
40 2 12 41 31 29 4 38 14 24 21 16 7 36 25 5 46 35 19 33 1 3 6 49 47 39 32 10 0 8 42 30 28 37 9 43 20 23 48 34 13 44 45 11 15 26 18 27 22 17
28 47 4 6 0 21 19 34 1 48 35 13 24 5 49 38 10 45 44 15 23 43 2 11 29 42 3 26 8 41 37 33 22 32 12 18 16 9 14 7 17 31 46 36 30 25 39 20 40 27
37 7 34 30 27 16 6 39 33 18 31 8 19 32 1 44 14 28 43 20 49 4 9 47 26 17 40 41 5 2 25 3 13 22 38 21 24 29 36 15 35 48 42 45 0 46 12 11 23 10
0 28 42 32 40 30 47 45 4 12 21 15 26 24 43 27 17 41 7 44 18 36 16 35 11 49 31 33 37 23 34 38 48 29 9 13 3 2 39 25 20 6 14 8 46 22 1 5 10 19
49 3 44 14 8 31 13 37 0 10 43 26 15 11 30 4 9 47 2 16 21 22 28 19 25 35 46 48 40 32 17 24 33 34 20 42 36 23 41 45 1 5 18 38 7 12 39 29 27 6
44 42 31 43 3 4 30 24 45 22 26 14 9 6 16 47 32 29 17 19 49 7 5 20 37 10 23 8 0 35 41 38 34 12 36 13 46 11 18 48 1 15 33 39 27 2 25 28 40 21
32 34 33 44 27 37 18 28 36 7 5 31 1 45 38 48 17 22 15 41 6 24 4 47 11 20 2 19 13 23 29 49 3 30 14 43 12 9 21 10 42 40 46 16 25 8 0 35 39 26
17 25 12 6 46 8 3 13 15 40 2 1 34 42 11 28 38 16 10 30 43 33 45 26 27 37 18 48 32 7 36 35 20 4 14 44 24 39 29 22 31 41 47 9 21 19 23 0 5 49
0 25 23 31 4 29 30 6 24 5 27 8 9 38 14 48 35 32 16 39 22 2 20 41 28 45 21 10 34 18 44 46 19 15 49 1 12 3 26 36 43 7 37 13 40 11 47 17 33 42
31 27 25 44 17 33 48 39 19 42 37 29 23 20 10 21 32 1 0 16 6 8 35 36 24 28 9 40 34 47 18 30 43 46 49 4 2 5 13 22 45 41 14 7 12 15 11 26 3 38
38 27 35 2 47 15 9 6 20 36 45 16 4 40 41 43 18 34 26 12 23 5 31 13 1 42 44 28 11 19 8 3 37 33 30 21 14 46 17 24 48 22 10 7 39 25 0 49 32 29
31 14 35 4 7 44 39 49 12 46 36 32 16 33 6 42 29 5 2 26 17 41 38 28 30 18 25 0 10 43 40 37 19 24 11 47 34 3 8 13 45 48 9 20 1 22 27 23 15 21
37 33 24 5 13 0 38 42 17 48 28 40 39 10 21 8 49 4 1 45 25 41 11 31 16 27 23 18 43 3 35 7 15 36 14 19 34 26 6 9 12 30 20 22 47 32 2 29 46 44
12 26 34 47 2 19 39 46 15 7 31 36 44 9 43 13 11 20 5 16 21 25 32 17 4 8 10 33 3 18 22 6 23 45 40 27 30 1 24 42 37 0 41 38 29 49 28 48 35 14
0 25 20 38 23 45 8 36 26 41 29 2 42 19 35 49 4 11 12 10 27 22 21 47 48 15 16 24 44 39 31 34 6 28 32 7 37 13 46 14 9 43 1 30 5 18 40 3 17 33
18 23 39 22 21 3 46 6 20 49 0 25 12 13 30 10 31 36 47 38 19 11 28 35 7 43 8 1 33 9 5 26 27 48 15 14 17 29 40 44 41 34 24 37 32 2 16 42 4 45
39 33 27 44 26 7 36 38 22 46 2 34 6 11 35 29 14 18 9 37 47 15 1 24 49 0 16 42 28 43 19 4 40 48 8 12 10 23 21 3 20 25 45 41 31 30 17 13 5 32
27 38 19 23 21 30 40 29 41 15 4 12 3 46 8 20 16 10 43 13 34 5 49 39 7 35 48 28 26 2 0 45 18 17 6 24 42 47 9 31 22 36 32 44 14 25 1 33 11 37
46 23 6 9 12 2 8 45 26 48 40 13 31 49 29 38 42 3 7 11 5 27 47 22 37 17 1 30 20 32 43 21 39 41 33 4 0 28 36 25 19 10 34 44 18 14 15 24 16 35
29 37 39 32 1 25 20 42 14 46 21 36 43 16 33 28 0 27 7 24 41 13 19 8 26 17 6 35 38 40 47 3 4 48 22 49 15 12 2 23 44 34 31 5 9 30 11 45 18 10
29 2 10 12 8 31 41 25 17 44 47 14 11 35 34 6 4 30 1 48 22 5 28 19 49 7 26 9 20 40 42 39 16 18 36 23 33 27 32 37 13 45 15 46 0 3 24 43 21 38
43 14 29 7 13 21 24 46 1 0 23 10 26 40 35 37 28 12 17 32 3 34 4 8 18 45 33 2 38 19 6 49 39 47 36 5 9 41 15 22 20 11 48 31 25 42 30 16 27 44
12 47 7 44 16 30 34 19 13 36 28 49 15 4 48 11 42 20 1 22 9 33 24 18 39 31 27 2 21 45 14 29 37 23 38 8 3 43 10 32 41 46 40 5 17 6 35 25 26 0
26 23 0 42 39 30 7 4 15 13 19 31 47 1 32 24 34 29 21 18 25 12 33 45 5 36 38 48 46 49 28 11 6 27 2 8 17 40 35 9 44 43 41 16 20 3 14 37 10 22
24 44 32 40 23 36 47 43 46 14 5 2 27 31 13 15 49 42 0 34 18 33 41 39 9 38 25 11 26 3 17 20 6 28 29 4 19 16 8 35 48 7 1 22 10 37 45 21 30 12
3 9 39 31 10 11 43 16 40 42 4 47 20 41 0 2 18 24 14 38 33 1 36 21 22 19 49 26 35 46 25 44 13 28 12 23 8 34 29 30 6 48 32 17 37 15 27 7 5 45
28 14 4 10 17 19 13 37 31 42 33 38 7 5 12 26 49 41 44 1 43 2 34 20 36 22 47 8 9 27 25 35 45 29 11 16 6 32 40 21 18 15 3 23 39 0 46 24 30 48
45 32 48 39 36 14 15 16 24 46 0 21 27 35 3 33 9 23 38 19 5 28 4 13 8 12 31 40 7 49 25 43 22 18 11 1 34 29 47 10 20 41 42 2 44 26 6 37 30 17
45 3 31 43 12 2 49 0 40 24 34 21 20 30 23 29 33 37 26 44 16 27 17 46 8 13 11 39 22 28 1 19 35 6 36 15 38 41 25 47 7 10 4 14 42 5 48 9 18 32
35 30 18 45 32 31 49 8 41 38 20 37 34 22 3 19 47 0 48 40 27 36 15 44 10 29 42 13 46 21 24 7 9 1 16 11 26 33 17 5 6 2 28 25 23 12 4 14 39 43
14 27 49 17 37 45 12 43 30 1 16 8 38 2 9 15 48 20 34 31 18 33 25 10 24 23 35 32 21 6 22 44 26 46 5 28 42 47 0 39 13 41 36 7 4 19 3 40 11 29
7 12 44 10 45 14 29 17 30 20 38 8 19 48 1 18 42 2 4 26 6 35 34 33 25 22 23 49 31 27 15 3 9 28 5 0 32 13 21 36 24 11 16 37 41 47 43 40 46 39
8 24 40 49 21 13 34 12 15 36 6 0 3 11 46 7 19 9 18 20 30 32 25 29 39 37 4 2 14 43 35 47 38 42 16 22 48 17 27 45 1 26 10 44 33 41 5 31 23 28
39 23 30 33 20 43 19 22 44 11 9 26 14 4 12 48 10 15 36 29 27 41 6 18 7 47 13 2 1 37 45 31 8 25 17 28 38 0 40 35 34 5 32 16 21 3 42 24 49 46
17 14 44 29 21 7 33 40 0 12 13 39 1 32 45 3 24 30 46 16 34 35 49 22 42 23 2 41 9 43 38 47 18 11 10 28 26 8 37 19 48 4 6 36 20 27 15 25 31 5
33 23 12 31 44 14 27 24 11 13 30 22 18 28 6 36 10 7 8 42 43 5 0 17 2 9 38 19 15 35 21 46 47 48 41 16 26 32 29 4 34 3 39 1 45 25 49 37 20 40
14 21 11 44 31 37 33 41 29 35 1 6 48 27 43 24 15 16 7 36 8 19 9 23 28 0 46 20 12 17 26 10 5 13 39 30 4 25 2 32 22 34 49 18 47 42 38 40 3 45
6 15 30 9 0 48 36 46 37 42 45 4 27 33 28 17 22 10 12 24 18 38 41 1 13 43 49 23 21 11 7 14 47 16 5 40 2 35 44 31 20 19 8 34 32 29 25 3 26 39
26 42 0 30 7 33 46 18 2 31 43 37 23 16 21 9 5 20 1 25 28 10 36 12 3 24 8 39 6 47 19 45 15 49 38 41 22 35 13 14 34 11 44 29 27 48 32 4 17 40
2141200
2107403
1840969
2217151
2164343
2158091
2223692
2113995
1669402
1846084
1485698
1628333
1686024
2244889
1948452
1536462
1853838
1986043
2155053
1435703
1740862
1830706
1687608
1666265
2237235
1566314
2061436
1592113
2110304
1479013
1723130
1888824
1559456
1402362
1479901
1459359
1898083
1859829
2013552
1909519
1891834
1544585
2116415
2194426
2042697
1936576
1810348
1714556
1374042
1504878
32514.76 27992.957 62447.445 53169.15 7791.217 45596.48 39788.35 64313.24 32163.682 21708.07 54003.348 24774.578 35975.08 46286.684 18480.273 52840.742 52391.863 25900.479 20556.37 15701.8125 32827.145 44539.26 13400.899 11322.499 38106.023 52341.41 9499.18 19693.34 480.8824 15443.4795 53243.21 38815.355 18087.666 42863.89 57288.45 48171.87 46279.727 36615.426 59857.668 28293.816 48714.32 20707.828 44349.633 38093.05 53474.58 50800.61 11947.976 31392.56 21910.672 40313.59
49587.26 11731.9 55930.47 47189.457 47080.21 33146.754 38160.73 60728.902 14744.9795 29824.23 52943.777 17143.219 19163.488 53008.39 17362.693 41452.418 40777.613 7468.9644 11035.594 25267.5 7806.0845 62424.223 37348.918 57773.215 70228.28 57381.133 51550.21 59893.523 40432.348 63329.043 63514.64 62009.723 24682.465 36306.766 75383.07 56631.15 66095.414 22654.11 62697.047 1428.3851 29164.916 69612.14 24648.248 14768.749 49237.812 58767.86 20738.836 23116.777 64679.05 16334.453
18379.658 17377.11 33300.24 34664.855 4034.895 33497.95 29304.266 39542.58 23055.518 18292.4 29021.271 18348.668 23382.139 27699.078 13800.213 29980.178 34975.71 18092.012 16623.385 15903.441 25768.557 26826.246 14630.229 1916.6771 17808.082 30008.139 3430.288 3371.9028 7047.594 1893.7709 29847.346 22362.838 11342.497 30719.77 28445.82 29622.625 28977.629 25054.262 31805.018 21994.924 30326.074 5327.0903 26615.492 27138.38 35131.184 27641.234 13953.357 21013.785 3878.2751 22726.918
43159.484 37379.715 10126.307 32877.184 57578.44 41616.64 16075.83 16536.654 31548.525 66115.586 7233.9463 49650.3 23819.066 24067.998 43916.05 10754.354 30502.969 35591.984 40182.32 54405.113 40093.703 37940.6 58038.92 71509.94 53120.133 17957.943 57401.08 75268.1 65689 70931.49 17558.354 36117.39 45363.324 14947.764 43919 25410.582 23423.447 25954.547 27659.973 39299.6 28128.488 62560.906 32605.87 31297.592 12627.231 21396.162 46903.44 26052.418 71827.09 28136.82
21986.574 7878.124 23089.055 17338.357 18797.693 11662.266 20142.17 28800.445 7958.796 9041.123 22818.96 3558.9634 11151.248 21637.936 9782.052 22214.121 16572.668 6115.5273 7610.376 7881.197 4757.7905 31435.617 10658.425 19381.102 26803.387 24236.334 19433.21 28154.283 16711.008 25036.7 29389.818 26154.838 12728.54 15314.425 34427.066 24846.822 26618.463 10963.197 28922.525 3141.946 14635.013 28134.94 9562.958 8153.2954 19051.545 27189.654 6901.509 11834.54 24180.121 9603.039
35626.273 67759.51 72188.58 104065.21 76008.87 112727.375 46991.82 84888.9 68510.5 105652.27 50332.844 103151.86 66732.914 32428.785 70348.75 74545.53 96493.195 69064.125 66282.85 93676.3 79582.39 15107.757 105337.83 80473.66 37257.703 35555.973 77059.27 86266.734 87631.89 84301.51 33672.496 25323.486 63704.242 76855.305 4138.0156 25611.807 30553.89 64702.645 25496.865 77130.195 85873.164 68130.9 90066.31 93992.83 84081.945 30249.191 81658.5 60178.6 70996.33 72496.4
11197.164 7148.8184 5350.9956 1330.3224 12838.45 2955.4382 7510.349 6377.467 6175.1265 10728.265 7787.696 7755.6045 4318.347 8703.987 8210.897 4793.276 1105.8134 5972.0615 6817.0894 10926.851 4658.284 13846.469 10537.954 14801.166 15579.7705 10371.295 14197.887 17400.447 12928.196 14691.542 10370.353 11711.74 8957.924 3493.6252 13889.407 11732.588 10555.743 5270.6807 11506.828 6380.6924 385.3732 16219.984 2011.0958 2958.528 4148.7793 11634.091 9297.868 5790.624 14768.907 3347.875
14063.066 10278.57 2659.2788 9885.518 20137.996 13171.145 5947.0435 6214.8813 9738.216 21333.11 4583.7065 16435.61 7837.2373 9187.926 13321.931 2021.8094 9236.983 10992.076 12392.748 21609.82 11024.805 15823.091 21731.367 28094.275 19817.068 6555.172 20927.396 26993.748 22389.762 22865.754 7996.6777 12060.037 16447.637 3650.6704 15314.326 11263.31 9491.805 8405.273 10428.642 12810.631 8194.457 22784.672 8454.465 9053.08 2844.556 9423.916 19607.975 8390.212 26447.389 8966.128
18996.229 19731.557 18377.219 29965.535 40062.184 34952.574 1992.6309 31974.338 17175.59 45452.074 11524.497 32288.072 14888.818 5912.926 24743.361 19764.209 28677.07 19970.82 23791.547 39124.594 25884.035 19850.125 45654.703 47262.465 29069.906 9577.889 39619.652 51005.992 39499.5 44097.926 11332.415 16393.63 24697.582 13692.598 23249.754 11280.913 11682.222 13408.243 13610.173 23172.51 29795.06 47047.465 26836.156 24969.969 20423.521 13363.407 35726.9 12743.329 44773.8 19861.701
39151.637 14397.871 29209.479 19529.703 42460.633 16744.137 29288.098 39774.29 12072.565 33958.89 37851.22 19090.754 9770.787 37943.15 18237.84 25304.322 19178.926 10393.116 14504.1455 27769.15 4702.586 50941.79 31379.637 47797.11 53598.797 37679.29 39778.99 59992.32 42169.605 52618.777 39190.89 44301.195 28846.328 17443.191 49850.777 42628.254 40924.18 13489.001 42124.836 11138.129 12740.768 58070.895 7123.494 2039.3934 22155.926 40615.902 26293.703 12482.572 54328.504 4805.8354
59727.48 31061.59 55631.906 47695.766 38334.285 35832.23 52161.23 72071.24 30785.436 2069.365 56093.87 11988.621 38686.527 64734.7 29161.004 58170.367 47332.12 29680.625 25122.844 11538.869 23777.773 71545.164 10961.667 35327.383 66238.25 64817.336 36575.805 50654.67 27043.398 39359.14 60773.043 62055.137 30961.486 49253.633 72953.914 61809.91 67686.07 35071.938 68527.47 22811.316 37197.562 54408.68 36974.5 35689.805 59606.31 71961.42 18495.928 38200.363 51591.367 38016.742
23803.15 2254.2476 26100.81 27519.25 27238.062 23862.453 18092.057 36867.793 1373.8971 24445.52 25585.996 17493.498 6034.092 21986.344 7874.1133 22377.799 25833.56 4201.9507 6041.4326 19992.51 10266.535 33596.293 24122.191 35744.293 29577.715 26614.312 26761.635 42087.23 24960.121 34778.62 30749.406 25656.447 13673.07 13787.648 41069.812 25874.418 27529.342 5811.898 27618.83 9038.999 21273.424 32206.916 16332.024 12418.143 23781.068 31526.318 17188.76 5656.457 39525.242 8762.717
32869.773 28589.662 54587.03 47865.805 10292.602 41125.387 42902.36 56902.73 30520.246 22213.598 50562.086 24846.545 36186.35 46311.246 23216.6 55607.383 47138.473 29504.934 22240.314 14477.129 32289.746 50247.492 14170.014 7852.4956 36215.137 46558.324 10807.7705 15280.805 4487.462 12301.929 50194.47 40531.746 18633.002 45008.387 49029.9 48469.71 50479.824 37594.18 47470.156 24884.453 42746.594 18996.695 39872.332 34055.715 49942.863 46675.145 16565.191 33283.367 15931.432 35367.426
28266.582 13612.512 21712.34 11829.463 22986.473 6078.522 21572.955 22556.191 14299.268 9968.134 26037.855 8781.799 12686.465 26717.867 14459.948 19667.406 12369.829 11839.164 14672.662 12424.299 9506.754 31615.424 13078.718 22664.246 30554.22 29158.508 20693.953 29691.678 20485.54 24850.58 27245.63 27673.154 18415.898 18151.902 33258.37 30552.182 29740.455 17301.486 27573.785 10351.883 12460.264 31098.312 9073.692 9480.281 17286.28 30035.412 11661.709 13805.813 27252.174 12863.056
14708.437 6862.8804 14478.975 13228.808 11338.254 9833.407 15271.039 16600.361 7082.709 3567.1873 15480.054 305.77893 7871.6787 15733.363 6196.405 13420.444 12035.6455 5773.5244 5908.558 3417.1172 5114.3804 17369.438 4841.5537 13000.032 16048.829 17861.852 11540.263 14976.159 8251.483 13891.466 17809.402 17630.098 8188.6294 12476.697 20411.777 16087.05 19948.473 8354.974 20628.578 3653.1206 11568.011 14013.205 8423.143 7286.7246 14462.304 19209.473 4023.761 9887.857 16010.299 7626.8716
87601.37 48494.5 45099.457 16365.902 81766.69 5851.1396 59558.78 51523.168 41215.22 52675.285 69972.695 44207.14 36041.316 77038.64 51586.29 46284.742 15811.742 43039.35 44107.11 54388.895 25446.66 83575.336 68228.9 88232.875 96875.01 71094.27 90528.92 107949.42 73078.11 97378.45 74446.32 93918.52 70693.48 34429.918 107386.81 86808.125 81152.914 43621.6 86860.33 37740.19 13997.139 100698.53 16248.8 19560.002 36607.63 75579.08 59396.547 39812.277 106703.02 26908.184
10242.991 26916.412 31239.205 51431.09 35911.3 46431.008 20618.83 43158.426 32850.047 50874.504 24924.957 40014.848 30026.43 13053.739 31878.184 35883.15 50262.227 35138.613 30924.37 47937.598 35098.395 1865.879 45995.23 40597.09 12999.886 17087.973 35845.293 39042.637 40769.617 37392.56 16387.682 5554.533 29474.371 34870.12 5917.551 8044.684 12618.038 28295.258 10757.609 40387.938 42746.86 34803.523 40711.977 39511.81 33939.008 12526.564 40055.668 28763.549 37597.28 37688.78
8786.537 2815.4973 6264.958 3848.8774 8481.652 3230.6672 6210.301 7299.5063 2297.676 6458.935 7242.852 3501.8584 2032.5743 7057.332 4270.591 4967.7324 4112.8945 2088.1194 2797.416 5526.1133 760.9476 8835.931 5884.0425 9925.538 9067.318 7262.733 9180.739 11079.86 8345.196 10504.044 8641.902 8405.043 5092.544 3489.5786 10553.139 8650.392 8586.493 3075.4697 8573.492 1953.8965 3040.1372 9937.729 1445.8735 516.0496 4503.5645 9024.278 4400.2695 2714.4092 11075.376 1083.4084
36628.266 21269.383 36879.47 27694.693 24581.135 20643.498 34016.758 42307.047 23208.314 1404.7598 39037.71 6444.259 22158.402 38355.023 19279.695 39793.44 31464.174 16451.812 16244.942 7624.785 16381.355 46836.227 7757.723 22441.865 37109.516 43470.098 24308.373 29950.178 18319.887 26643.605 44823.996 38521.812 19671.938 28602.174 46272.305 42909.83 38827.13 26907.914 44917.914 15481.944 27585.7 34551.793 23463.28 18573.73 35520.867 41448.508 10248.523 25068.777 29064.266 21056.746
61928.164 32834.703 48677.19 35936.38 46127.723 21554.242 57284.05 60857.234 33165.363 20069.918 63540.355 15624.7 33071.523 58200.082 31384.71 49527.24 34800.887 27118.242 33325.78 25219.914 20868.975 74135.81 32440.871 62815.06 67295.2 63366.406 54705.08 69606.77 44862.6 58020.4 68210.305 75869.766 40187.805 39783.875 90120.88 68983.88 71889.83 35489.33 80247.53 20733.1 30513.99 75502.7 22814.078 23287.396 46978.37 67168.8 29394.633 37476.56 66154.23 30322.781
9194.905 22042.553 46916.58 55913.887 28947.852 52533.445 20707.86 59015.918 23581.615 45950.637 34788.55 38192.426 25778.28 20805.29 17776.658 41712.594 51573.86 25188.2 23548.158 40479.723 31330.215 21529.531 44567.26 35944.727 18020.568 31001.322 26784.367 38700.71 30637.814 33062.79 33761.105 17318.848 15411.801 33171.406 32865.28 22671.334 24337.643 23343.549 27731.916 28219.14 44255.312 34965.355 40527.695 40396.547 42690.68 28901.6 29016.037 25356.047 34923.305 35060.676
10704.3545 5935.8438 5809.8325 1852.042 11345.776 1372.2051 7242.5166 6136.1865 5935.3574 8114.4834 8058.774 7030.753 4723.4517 10039.204 7116.3384 5077.3394 1764.1908 4938.508 6509.987 9151.695 3855.9866 13867.748 9970.671 13965.796 15241.462 9112.08 12730.37 16013.349 10091.135 14640.589 10047.764 11588.953 8644.004 5151.2007 15074.619 10610.426 12024.495 5854.911 12972.242 5283.176 1335.1118 14939.735 2011.2986 2812.7124 5392.6523 10870.971 9093.145 5042.3853 15630.016 3518.6643
56764.703 43414.906 18288.236 8199.908 70052.6 23411.885 40803.5 17166.457 35931.113 58638.176 32768.426 47332.293 32373.09 50980.332 47732.87 16279.538 8725.554 34457.863 43496.598 62027.22 32828.984 66814.04 62419.9 82452.81 68905.305 45741.027 69958.16 88563.75 71233.61 88530.4 43504.45 58688.086 48069.445 22698.385 70866.48 52879.246 46838.625 30611.383 56184.45 40782.19 12864.084 86633.7 20976.797 28218.414 14375.442 52042.6 58700.848 31485.799 91893.24 28495.459
16783.443 10875.548 32973.105 28931.848 5073.999 26046.018 22167.621 39553.758 15644.368 14742.487 27262.064 13453.818 15565.415 24950.371 6774.168 26241.549 26563.773 12204.175 10702.243 8071.981 18023.008 22774.566 10451.642 10661.534 21005.209 25253.04 6407.8687 13003.197 4348.36 12482.23 28701.145 20818.469 5738.667 25433.738 30123.424 28191.791 27656.395 15477.437 27375.209 11710.913 27174.154 15021.571 22974.818 17246.6 28576.035 31176.55 6216.2466 18573.809 11968.694 19260.455
13426.329 5988.3633 10728.143 6888.9536 10969.437 4398.92 9505.265 12736.572 5636.08 5596.1934 13117.6455 3312.9775 5263.4355 12217.95 6646.0054 10549.757 7539.4043 4296.466 5360.5215 6087.197 2677.6206 14451.721 6359.283 13362.014 13965.425 14832.562 10478.172 16238.528 8769.485 15392.388 16003.866 13659.789 7817.303 8005.139 17076.459 14102.608 13472.885 6546.984 15957.427 3617.2656 5936.825 14558.837 4705.237 3387.0798 8927.591 16186.5625 5426.253 6765.6924 14363.783 5127.1597
9714.876 3840.3872 10176.086 7107.9287 7406.846 5987.968 9638.961 11410.007 4334.001 3418.6619 11127.212 1134.0892 5352.4478 10744.294 4880.4624 10345.594 7557.528 3630.7627 3884.3794 3674.0352 2901.5186 11706.942 4410.2183 10090.7705 13463.675 12414.656 7637.7915 10005.904 5849.9136 11052.755 13415.392 10901.033 5781.208 8195.119 15676.901 12104.765 12359.483 6005.8706 12742.378 2289.453 6520.541 11228.316 4855.288 4103.9185 9305.619 11871.152 3043.4155 5873.445 11899.804 4548.074
45772.305 22528.14 25935.69 25661.227 55410.19 26157.936 25368.252 33023.555 17328.93 47819.348 33312.246 37220.37 9718.874 31785.09 34764.85 17224.102 24112.98 18688.623 26596.195 48551.355 17234.314 47126.234 60380.324 70821.71 55816.266 32741.36 57872.21 84894.055 56342.56 80452.8 44505.516 44981.34 41892.125 6625.146 67802.12 48016.027 44194.01 12113.907 48588.44 23020.969 16505.438 76878.555 13214.475 12465.375 19422.162 42348.746 44186.242 9862.975 71077.82 8311.206
1970.6058 1390.5654 3723.4097 3992.8516 1170.8583 4155.225 2657.358 5179.803 1699.8136 2559.5806 3442.0151 2205.6084 2424.0496 2777.3347 784.73285 3752.705 4476.979 1724.0011 1283.0302 1630.5273 2087.5872 3328.227 2191.376 1905.1853 2499.8706 3702.0205 1067.4592 2412.951 1257.2482 1965.439 3616.8557 2365.155 310.2025 2940.1982 3322.553 3399.4004 3422.0334 1781.8473 3630.9382 1691.1989 3233.08 1917.7135 3309.5085 2439.6401 3990.1545 3228.9763 1247.4918 2270.6475 2075.222 2818.9958
5795.8335 39961.836 59544.566 74424.516 33091.707 74738.586 34653.01 70957.195 42944.293 61824.49 50296.996 54303.355 41443.586 25285.568 34401.098 58327.527 72705.93 47108.72 36156.12 49058.566 55339.363 20323.416 59957.61 42038.246 5967.683 41393.227 33385.832 43432.566 48059.027 36001.133 35893.688 17998.637 28814.69 51795.312 30828.361 30115.697 36589.7 35761.75 33486.047 49765.934 59803.38 33106.61 58829.77 53476.027 58627.645 37931.03 43666.094 40150.707 33781.688 56117.18
18938.332 17192.336 8597.629 20179.672 32767.586 27412.303 6496.6226 14006.97 15903.633 38008.93 902.56006 26752.664 14893.957 9062.321 20198.021 7964.1235 20571.7 21773.562 21840.467 32195.436 19362.443 18161.258 38285.664 34785.406 23567.69 6529.1504 29995.035 40639.207 33997.055 35877.992 7655.643 16378.379 21905.334 10072.097 19859.947 11129.331 8663.358 14788.551 11568.124 20748.135 18655.979 32904.934 17795.008 20976.87 10500.484 8230.407 27458.486 13335.067 41158.203 18150.611
73038.74 55273.477 8741.285 31412.104 98738.195 55944.855 41091.562 5490.104 56112.727 88532.27 32600.115 76056.086 41414.984 46478.977 63647.992 14892.687 33576.516 50237.94 60072.57 78688.24 54901.617 77501.84 99046.86 123638.23 92609.586 42337.887 88294.125 120063.2 102208.83 115927.55 42135.633 63058.836 79117.836 30210.295 79082.12 60508.79 50754.754 47617.277 60276.754 59741.477 34230.816 117229.83 36916.434 41142.055 13358.552 47899.12 80221.91 40391.04 103578.42 40132.582
42184.664 12711.22 36081.977 30307.9 33560.85 21155.982 33325.848 46805.254 12446.722 21773.459 39407.65 9875.354 13808.587 37494.613 14805.11 35011.465 26839.656 9367.677 12489.831 18620.174 5215.76 50161.473 25617.818 37288.086 47151.336 45906.758 34404.81 48269.332 32032.658 44432.05 48858.06 41857.78 22296.41 24970.562 58401.688 42401.355 48631.277 18952.756 52373.043 3374.967 24842.66 44159.258 15271.205 11119.364 34077.895 53334.633 14353.036 17281.254 49872.645 15306.427
101859.85 56644.035 79454.76 62806.277 70998.766 38060.42 75227.19 99869.375 48970.39 25761 104537.94 25095.55 53933.863 85684.336 60692.4 83852.17 59257.66 46121.758 54457.91 38920.688 40939.793 102827.05 38125.234 80189.195 95525.67 102252.8 74090.69 92903.37 57894.965 85709.7 101024.086 104066.49 68927.62 73352.38 112663.734 94022.1 96019.78 60684.438 119990.72 40758.668 53601.7 98038.67 45178.703 41092.453 75709.6 94925.05 44559.227 62680.605 96710.45 48184.895
62468.043 31886.42 66115.01 57597.797 35136.65 36221.266 56110.445 78629.6 35187.508 1127.3528 67503.07 12792.595 36065.977 67457.46 31308.586 62086.992 51455.863 31515.803 33279.547 13714.357 32492.205 70392.07 9905.138 38272.676 67632.375 67504.54 39022.457 50137.684 25429.504 49459.875 82371.445 70878.53 33693.293 56303.656 77662.42 67720.266 66508.13 43617.42 69341.02 27369.287 47003.367 50680.117 43442.555 38997.3 63699.676 69696.01 19088.857 42437.195 54688.332 38904.508
48256.043 48260.363 92281.32 87692.555 13230.391 92079.95 71924.734 115013.875 56215.477 54697.047 78661.98 51564.727 68280.7 65578.99 39996.074 91758.17 81286.92 53336.207 41858.375 41873.707 54362.598 63357.297 42120.742 7549.292 47844.113 83333.516 10415.543 8386.457 19489.758 1906.072 81424.336 56102.043 33407.23 69475.26 67513.67 68577.79 75586.19 56509.363 82855.164 55666.277 76101.375 12227.89 79439.625 74027.555 79669.99 78922.98 37065.85 62084.37 9019.747 70992.945
16265.341 20030.732 57458.848 55795.465 17374.996 59031.934 33570.93 65337.203 28586.629 41070.344 44374.395 32644.533 34597.355 33683.355 16910.412 51785.695 56589.906 28231.176 19679.35 33810.836 33653.586 36215.344 39030.69 28234.81 21058.916 40112.094 16906.361 32487.357 22972.295 25050.723 48264.273 25741.078 10124.969 39217.71 42725.117 38841.613 41890.363 30019.865 42992.82 26789.117 47484.18 24042.656 46560.113 40607.94 47701.652 37664.484 28204.463 31385.098 27733.934 32912.953
31555.979 41864.375 78001.96 79333.875 13278.66 82271.234 58717.98 91466.234 51810.656 49100.797 68965.1 50831.547 52666.695 57982.89 35152.887 83786.03 81915.71 53185.94 40940.617 38629.758 52255.305 49804.664 41376.26 18827.896 28983.525 60151.066 9738.538 15571.278 25448.512 11812.471 74961.14 46796.63 28599.795 67843.96 57720.68 59164.91 62820.69 49415.94 70501.35 52324.633 74996.54 8578.404 70332.484 56864.555 75467.66 60353.016 37536.03 53289.082 10947.031 56633.27
28563.705 23127.098 14579.795 30805.826 48586.906 35540.66 6468.8247 24851.572 19541.404 54179.816 9077.324 42193.51 18251.615 13415.052 31260.127 13255.66 27928.883 24150.467 26597.543 51791.02 27692.125 27796.23 57202.883 53978.426 42779.703 13232.126 49422.496 57346.613 52883.15 53784.773 18235.348 23930.25 29862.932 12175.551 34489.895 22993.348 16679.227 14799.67 19672.791 29274.482 30017.688 62869.438 26721.45 24516.402 15644.898 17314.545 46395.31 14806.855 54857.816 21214.2
3602.365 4416.4175 7774.4756 7927.118 1117.3981 8011.8003 5037.988 8385.082 4893.07 4344.29 6690.2363 4802.2974 5043.731 5442.0723 3645.0676 8074.207 7791.3804 4271.399 3625.6895 3609.2317 5058.5347 5627.967 3667.2903 1471.111 3550.7495 7041.6436 832.6238 1155.1439 1739.3087 746.657 6779.2896 4333.8047 2409.9841 6305.7773 5718.324 5678.4336 5586.883 4572.4224 6787.18 4321.878 7847.417 798.9979 6927.856 5391.4307 7649.555 5865.9746 3744.626 5555.8896 826.2839 5515.8364
29209.48 23438.861 6623.4907 21405.846 38952.145 25702.982 9615.71 14065.979 19904.809 45373.34 9615.864 34402.2 14445.918 15807.619 25494.03 4811.755 19272.562 23131.072 23653.064 37345.1 22643.232 25940.346 41402.254 47435.324 34753.895 15922.52 39927 56908.523 40497.133 52020.97 16050.67 27063.844 26454.613 6509.305 33198.2 23703.482 18265.75 14007.916 21035.984 24041.67 17307.965 52662.04 17542.271 17604.998 6082.695 20727.082 33477.887 14665.882 56349.2 15271.725
27263.55 56689.65 88105.266 109192.82 29307.365 90239.79 61536.53 112586.11 59758.277 74041.195 81285.45 67134.99 70296.16 53115.035 48233.695 88664.97 105785.46 60449.98 53326.18 65308.633 69205.195 48546.41 68854.7 39122.15 20072.314 69662.93 25538.51 32237.371 40985.645 30817.557 67131.27 45282.75 38200.133 68320.914 53082.04 49299.625 61407.1 56407.07 63929.5 64183.293 92814.07 20170.43 83317.53 80691.805 83602.836 64748.047 57014.55 58561.266 21572.172 66307.56
63098.625 29836.979 84972.64 78637.48 31016.4 63070.008 64960.32 105549.97 37463.14 32335.754 89014.08 21551.146 44672.227 75487.9 18022.336 73779.72 71006.164 31565.027 19050.51 13589.216 31703.207 74467.805 20337.348 43550.86 60774.28 82379.41 34450.81 48521.496 19737.217 50318.645 90241.49 73363.19 20035.613 56374.355 99583.125 71947.02 86296.21 46738.86 92906.35 22923.43 65262.062 51908.523 49625.98 44975.8 71278.78 93529.266 4374.9126 49088.05 54314.51 48140.902
9346.424 22307.223 34983.863 40553.7 12580.201 42282.508 22905.31 48111.633 22820.467 36113.316 29299.846 30782.658 27678.016 24237.14 17398.646 36825.902 46300.184 26020.74 21350.682 26499.674 29078.982 17824.54 28345.691 17440.26 8276.528 25152.209 13502.22 16368.054 18282.723 14987.572 27118.441 18362.979 15787.206 32461.113 22431.383 22240.281 24581.54 25325.678 28771.621 27058.605 42009.188 10579.146 37952.996 32125.533 36340.92 24721.336 23406.55 23514.836 13326.734 31986.77
87150.58 55195.305 33388.418 569.4755 108234.516 22776.088 52578.938 33297.88 45944.473 77853.055 52932.934 65180.535 42134.047 70407.86 68282.61 36188.56 2483.5266 50612.125 56399.402 79084.305 42842.836 94857.92 91550.17 122369.99 97618.24 72193.64 112846.375 132028.83 103327.12 112004.01 76717.61 85117.98 76165.7 34574.12 105282.5 82041.03 76928.914 51076.984 81694.516 52038.023 14279.263 131293.1 21566.973 30270.656 25710.89 83169.37 80410.27 43892.87 126696.11 35354.992
68533.94 45061.168 13734.265 14100.502 76863.984 32066.723 35512.9 11787.746 43321.43 70861.39 32595.4 51344.97 32386.691 50950.094 57936.555 17262.475 15461.207 37440.875 53178.668 66908.695 36642.844 69116.71 63289.734 86723.93 75464.73 44414.914 81637.125 93460.61 69581.32 85554.266 47842.316 54994.684 64661.324 22454.969 67732.84 51144.44 49946.957 35562.44 47458.574 39579.656 17666.53 98953.45 28305.121 34203.82 13146.804 50325.562 56643.406 32894.098 96972.85 30627.506
5801.837 7141.771 15417.814 18035.457 11962.414 18790.84 7970.9043 22576.928 7282.93 18135.975 12476.448 15186.824 9715.318 7260.3853 6559.021 16197.944 20448.262 8918.817 8077.607 14666.156 13451.628 10228.606 18248.781 18710.209 10292.202 10447.932 12925.86 20740.52 13768.575 17545.607 13148.783 8289.35 6003.6465 12807.702 14871.178 9992.922 11567.83 6665.498 11451.3125 10453.641 18273.428 14668.833 15398.392 11808.46 16432.812 11098.642 13731.875 7193.01 18153.432 10517.002
4580.5913 24215.797 36999.21 47076.555 24668.355 50560.51 22838.312 47004.137 23792.686 39821.82 26783.44 33200.727 28026.664 15970.216 23201.77 37502.37 49291.727 25803.652 28656.85 32006.947 36500.316 9727.866 36238.426 26938.498 3425.2256 20878.562 24781.863 31300.043 28253.959 26790.186 25166.7 9595.465 20008.486 33789.79 15605.276 14705.996 18161.984 25520.348 19291.04 34820.434 41960.504 20964.248 34749.477 31444.545 41177.523 22473.113 27982.637 25206.414 24553.453 29962.416
57574.594 33132.594 85403.1 79125.37 18366.062 66280.42 71320.94 112106.41 47634.023 30958.621 81680.72 32332.994 46543.65 68572.95 26022.861 76847.27 85800.7 39797.555 28924.967 16082.835 49362.957 72679.484 22193.6 22034.197 57424.348 80361 19578.959 33710.645 5867.948 27376.613 87224.45 67006.17 23595.26 71128.516 92049.766 77512.57 78872.836 45593.902 82281.836 39061.836 70505.164 36618.45 68628.48 58881.277 90321.56 76359.914 14212.43 53772.336 33163.17 54264.19
51041.184 53941.277 95470.36 100456.805 19518.154 83130.14 68402.33 99438.805 63894.418 59223.402 77028.69 59922.32 62150.457 74217.36 45057.777 91695.24 85699.914 60073.164 50304.44 42307.355 70942.92 67474.41 39125.95 11343.559 47263.113 87877 20113.004 2555.5242 27776.11 8486.495 79446.54 66101.3 39037.355 70700.64 67567.52 67483.31 68695.88 67840.59 75289.28 56820.645 89900.516 11689.595 75292.07 78409.24 93565.8 81378.62 43777.176 58537.23 7988.21 75512.734
28180.783 30053.79 35627.95 48267.887 55167.438 54987.86 3103.424 44770.527 29923.232 77172.48 15641.724 54091.46 30103.73 9492.498 40941.324 30598.928 46588.945 36715.832 32965.95 67217.07 45490.984 32001.238 66923.97 73969.25 44188.703 16591.803 55753.61 84576.33 66019.516 70972.32 17561.361 25075.262 42487.98 23234.422 41993.715 17475.57 15415.984 21056.975 25469.701 43755.367 49452.977 65148.273 39240.34 38223.676 31311.451 20296.572 57944.25 21647.693 75584.42 32482.83
2732.7563 1112.777 1892.7484 1274.3976 2272.6975 656.1362 2099.3777 2169.5146 1249.5807 1022.0482 2430.7988 718.919 1266.3195 2744.3335 1266.335 1863.5568 1137.9375 974.28094 1272.0094 1195.7811 626.5741 3282.5828 1438.6782 2509.2036 2792.0427 2548.238 2383.9446 2993.1865 1870.3975 2932.534 3099.9973 2599.0706 1762.2445 1406.2079 3267.1497 2602.9314 2598.9692 1287.3152 3247.3564 833.3957 1065.5059 3106.0618 867.736 791.18976 1861.2275 3059.6357 1349.1469 1466.7712 2672.6934 915.8993
19517.54 12920.086 33511.04 29211.055 7306.8276 25268.531 24045.672 35878.746 14540.35 10681.576 30330.936 10005.951 20734.426 29413.8 10287.116 33120.723 32444.121 14939.284 11823.708 6036.3667 14705.645 28162.082 6077.8916 10145.355 22037.012 27693.943 8945.446 15338.731 3150.888 11551.501 29942.94 25430.025 8939.298 25133.492 33142.707 27915.08 33563.258 19584.545 30150.828 11658.495 26929.143 14915.557 24685.13 20765.348 32944.887 33660.742 4620.636 19691.13 16892.154 21899.797
2868.693 13854.799 17016.562 21165.158 12808.606 21111 11228.275 20504.256 13861.62 18961.203 12073.44 19064.424 15251.104 7422.7446 13242.956 16442.584 23879.982 13194.194 14490.049 15786.114 17041.404 4157.7495 20895.297 15751.48 1974.2241 10907.807 13160.2295 13232.707 13945.957 12572.768 10300.737 4294.6924 10124.036 16711.932 6499.936 7751.6484 9310.387 13611.035 9445.8125 16969.783 21959.666 12157.12 17635.572 19374.92 19509.996 8516.238 15048.643 11605.89 12671.724 14912.985
12399.994 21865.037 23390.916 33630.62 28911.629 39232.402 15848.023 29004.434 23872.594 40058.652 18335.346 29990.785 22110.158 12058.164 26065.576 27034.457 33910.664 23349.24 25973.709 31506.912 29565.178 5401.1567 32034.955 29674.402 11306.7705 12982.685 27742.836 31374.383 27903.867 27557.412 11809.313 8618.501 22724.156 23356.78 1174.6447 7638.2686 9298.565 23460.834 8257.36 31742.281 32122.592 23065.146 29794.596 27274.703 25221.188 10104.8125 30733.525 21330.68 26274.414 29759.207
26340.145 2945.9417 22489.303 21060.045 27087.037 19902.412 19563.873 28271.71 2233.5037 22040.992 26699.201 14479.821 5260.1875 24748.072 7552.0845 19266.28 20335.684 1686.2943 4508.8 18216.975 6686.7007 32636.139 21585.016 33046.348 32196.863 26503.533 26926.223 35827.016 20820.723 34649.953 30875.814 23660.857 12075.856 15362.515 36638.29 25287.521 29382.041 5762.7485 32312.307 5946.21 18750.46 37812.426 13607.195 9346.593 20695.955 32098.537 15366.108 6012.0605 38105.137 7024.6055
17415.3 7519.9707 16890.94 14893.139 13633.361 10725.119 15258.893 23533.785 9422.848 5548.305 20243.066 1377.7354 10445.842 19454.184 9130.277 18568.896 13049.721 7245.566 6628.138 5831.194 5111.844 24640.43 6789.7 14777.997 20295.176 19760.654 13955.988 18150.043 11266.442 18409.324 20550.229 20749.717 10873.636 13929.726 27577.46 23593.197 20148.799 11824.227 24879.297 4825.6514 10668.315 17986.65 9413.992 7031.842 16319.747 25042.602 5921.1777 10590.618 21144.244 8122.8677
4237.088 2628.4758 6210.3545 6189.7715 1865.2784 5497.49 4928.563 8025.757 3242.2283 2165.2927 6395.4404 2185.0837 3668.4475 5461.889 1818.2236 6357.6465 6040.2095 2710.1255 2168.139 927.7577 2962.7146 5760.9214 1262.2745 2146.2173 5276.456 5802.81 1836.274 3479.4043 945.2318 3044.5042 7121.929 5421.009 1849.8252 5543.7666 7320.136 5608.0366 7038.2476 4114.492 7173.9097 2465.1194 5440.6724 3513.0796 4197.2485 4087.9075 6446.992 6753.4185 867.87976 4092.4626 3057.593 4308.3594
46163.28 11406.75 55634.82 51494.793 37726.438 43844.51 46607.113 63771.582 14843.737 32074.217 53381.816 17664.75 22132.914 54565.77 10881.409 51190.074 54285.027 9791.642 5543.043 22669.94 15307.046 70747.81 33389.797 55525.293 63020.832 59301.777 45560.8 61129.465 38123.023 52073.133 67349.164 56437.547 20589.232 42402.164 74724.98 55988.44 56737.08 24538.125 73836.35 7272.6245 42823.53 63390.25 27958.604 21628.957 45934.33 57962.426 18669.22 24883.543 59511.37 25231.822
55694.08 25916.195 56903.76 42214.438 39206.56 26314.934 46897.156 62610.777 25812.709 10916.04 52658.332 6567.7173 28020.95 50432.977 27672.736 52671.445 36072.008 19617.373 23940.396 14863.984 17332.62 71630.9 18427.648 46359.94 66879.09 61121.53 45004.625 50551.01 28997.248 45561.645 65523.234 62340.79 34352.824 43124.414 83056.3 59493.484 65020.89 32951.215 60118.33 15667.904 36058.19 59005.414 26065.4 22703.043 47445.04 60184.562 18870.229 32766.24 60295.65 29467.123
999.9532 1080.8145 2007.8607 2276.706 67.57559 2013.1874 1477.2762 2678.235 1189.4313 964.8359 1811.5322 1043.9778 1200.9321 1429.0977 731.506 2107.6404 2307.1282 1206.5465 958.3379 795.75616 1244.9512 1711.1686 786.80316 286.31082 1226.5021 1679.9462 71.0665 475.0104 275.50275 338.20645 1870.7809 1248.8938 648.80383 1847.9054 1641.6704 1622.2827 1749.8232 1309.0499 1895.7753 1036.4078 1997.1406 471.59637 1548.6147 1547.5583 2086.8916 1774.6969 683.412 1436.7992 465.14307 1513.02
12153.1875 4362.164 21615.748 21415.271 9543.991 19955.254 14887.886 26791.646 6306.4736 14217.432 20987.953 9376.637 9227.07 17488.953 900.7073 18765.992 22454.482 6428.7964 3302.831 8996.821 10379.937 17724.26 12493.908 13695.036 15490.004 18047.725 11886.965 18554.453 9622.039 14476.42 21337.91 14896.645 2511.2734 16186.171 26154.447 20207.146 19197.443 8673.674 23693.725 7691.8247 17554.64 16586.246 15888.328 13130.655 19415.924 20554.807 7052.8496 10659.682 15893.28 11315.56
36075.062 50564.11 27696.232 56398.574 76754.11 64095.926 15410.853 41344.47 38007.46 89030.17 8924.457 65186.41 43929.23 17223.76 48524.008 28080.393 50242.367 50381.996 48784.016 69165.43 57556.17 26695.273 82065.96 88267.09 52288.375 5852.5176 74979.09 91373.1 66954.32 86049.46 5886.2295 26953.037 53899.684 31912.479 32388.727 18415.24 11253.932 33078.246 14504.516 56232.246 51811.03 84217.24 49891.137 49439.316 35829.016 9987.688 64572.93 34264.81 78924.82 48340.57
35597.2 6262.0903 34949.94 39467.844 44356.848 40648.59 24296.26 45781.5 2233.5542 47298.812 36112.44 28188.953 7367.7944 28312.477 14427.197 32629.992 34496.484 9163.206 13253.678 38666.89 16248.512 41892.562 47193.152 49980.613 48626.707 35707.72 39920.48 56164.49 42061.277 56487.26 43980.164 39263.766 20046.678 19377.375 51084.06 36932.41 42100.188 5370.025 50418.984 14751.437 26716.383 51419.7 22550.578 18317.09 35097.938 45984.324 32369.941 6334.568 53961.07 14201.947
24319.764 41156.84 46134.285 65630.734 56966.176 78180.83 14051.363 60870.57 39414.914 83720.47 24638.365 73513.37 41648.836 3333.382 45454.586 38647.246 62300.086 46239.723 39021.99 63690.32 54053.984 17216.594 68771.7 77593.07 38122.777 16994.701 66756.92 80489.516 69372.125 64792.074 19770.316 13106.728 37297.016 39217.44 30219.098 8045.594 11739.55 33044.797 17665.484 56893.094 58550.043 66873.47 55371.242 47932.723 48701.555 15982.48 62650.06 34460.277 63154.066 43335.137
28376.205 12155.962 11594.478 16063.75 29565.625 19391.055 11722.528 20240.795 9451.366 34669.086 14065.411 22355.414 5803.4946 19727.79 17186.088 11123.279 14841.899 12735.187 15695.4 27710.816 12350.63 28054.002 31704.188 39211.508 29384.475 19907.354 31151.875 42503.316 33376.29 37818.07 23032.076 26333.062 22388.463 3001.1702 32450.377 20488.086 20041.582 6049.655 25143.758 14477.111 11835.794 44778.81 10601.305 9552.45 11009.557 23042.422 27467.092 4670.076 40669.09 6204.969
56082.152 36116.66 80401.75 82381.51 22548.014 72734.734 71440.97 112763.68 42605.02 24429.43 93145.516 26201.406 50190.414 73325.84 32672.744 87292.53 84006.11 42514.863 36935.88 14988.7705 48114.816 87967.19 14817.216 27425.697 65577.97 90039.055 23399.932 35058.625 9398.271 31945.516 88959.164 69726.52 31179.688 66250.1 86750.09 89600.805 79529.89 58087.496 81952.83 36856.816 77370.59 47163.383 63936.668 52132.836 83927.055 94365.57 15711.841 51711.695 38835.53 60666.21
5787.3164 11238.604 11601.551 17199.182 16379.596 19588.584 5186.757 16646.104 10951.302 20285.72 6128.58 19947.229 11356.838 1580.075 12363.682 12433.223 19302.738 12467.961 12526.272 19609.932 15210.644 3144.5652 21505.64 21959.812 8754.823 3600.255 18029.715 19252.402 17223.541 20921.766 4594.6963 2949.4387 11574.379 11482.103 5845.1045 990.06604 2212.0178 8702.8125 3272.8037 16078.19 18114.43 18710.53 14352.962 16290.126 13064.127 3000.7107 17562.133 8952.927 17517.955 14007.449
26477.492 42626.73 66619.555 76765.13 12945.628 79675.586 47478.445 78296.99 45036.285 48951.17 70473.89 47248.4 50211.42 52500.54 34471.996 71786.164 73360.86 40637.645 33818.62 42180.688 50386.42 47768.94 40735.723 23024.2 22800.781 64071.504 11769.959 17563.93 24451.637 13305.698 60048.758 40294.734 25666.885 58421.66 47635.09 48742.586 58523.34 51210.375 62658.535 43639.758 70507.08 10216.241 57959.137 56944.74 76339.05 57275.3 38655.35 44143.99 11059.357 61660.027
4439.0522 1020.32135 5792.613 5195.1226 3532.5305 4722.3877 4805.945 8181.926 1631.8689 3315.35 5281.4326 2219.4048 2268.7485 4536.4233 487.55432 5077.538 5154.5166 1234.062 456.601 2317.724 2105.0547 5813.455 3520.71 5034.0127 5420.453 6424.773 4030.8804 5323.452 3061.0945 4717.594 6147.5127 4962.574 1543.098 4041.1716 8119.1953 5655.3105 6621.2188 2477.0522 6576.8887 1467.7812 4386.5356 5407.953 3674.4119 2989.4443 5028.4536 6588.0264 1742.4521 2663.3982 5928.3833 2924.2153
68990.24 36016.15 62865.688 48830.715 47308.54 37919.8 67103.445 75841.32 36260.812 13157.711 70668.19 15358.322 43072.477 68575.73 35698.42 63077.508 45162.527 36443.633 33747.17 24252.44 26821.46 80688.4 23928.326 53403.094 86123.81 76827.805 48952.348 70596.6 41429.277 62764.01 79308.836 74118.734 47790.348 54033.145 100739.94 87514.11 81435.1 43131.207 93838.55 25981.49 45222.977 63689.51 41063.117 37094.277 65627.74 91981.23 23963.53 47436.53 69360.76 37889.086
13693.366 6136.856 13274.635 8717.891 9860.905 5201.543 12325.2705 13711.285 7753.0605 2783.691 13857.224 2836.803 6880.314 13758.606 6421.205 12391.229 8064.794 5688.2344 6528.6963 4709.239 5250.9927 17257.488 5280.533 11554.444 15301.42 13275.164 9883.957 12864.568 8746.007 12490.041 14891.687 14599.774 7982.599 8614.795 16296.991 15875.093 13737.6875 8999.352 14905.789 5048.098 7508.9624 13000.673 6516.0117 6249.1226 11980.748 15958.614 4808.22 8330.04 13251.231 6415.09
14734.614 47722.4 56816.973 75857 50710.664 82678.57 37505.754 74081.03 54233.664 93237.99 44756.297 75250.88 55886.926 21739.072 51576.043 60685.39 72102.37 55984.094 47535.02 79760.91 59785.742 6618.04 71146.86 63120.863 15725.5205 30673.27 55144.543 66919.49 62496.215 58479.25 31550.355 9698.058 44002.65 53423.11 14947.941 18323.604 22970.33 45079.297 21665.518 63219.375 68380.74 50679.46 65923.41 65346.168 69867.93 26149.057 70547.98 47902.89 57585.652 62591.133
5868.1533 3295.128 5303.977 7571.6934 8772.951 6718.1914 2063.787 6564.664 2298.4033 9240.703 4031.5842 7016.4385 2246.172 3897.4192 4014.73 3983.6226 7338.914 3803.5874 3762.489 7920.8887 4300.5903 6809.802 9232.776 10264.674 8370.283 4343.103 9202.778 11880.28 8849.601 11391.111 5517.4053 5252.502 5274.299 2758.3704 8285.071 5509.988 4511.877 1161.8993 6218.009 5000.869 5610.178 10470.624 5032.452 4418.5645 4153.844 5368.476 6595.6396 1511.3549 9857.1045 3365.3328
15469.862 11361.051 29605.193 28283.1 7872.236 28572.756 23005.098 33566.027 13493.055 17100.371 25883.822 13391.915 18345.209 20633.191 5919.146 27300.44 32094.258 12643.406 8345.318 11554.087 15300.27 24017.982 12554.294 12952.779 19092.93 29990.61 7678.8887 18107.553 7160.362 14032.818 28157.258 21012.457 3621.5764 23997.39 30780.791 26222.852 28825.053 16064.732 25694.773 13852.09 28855.643 15410.749 20934.09 18408.309 29141.617 28996.807 7512.7466 18021.805 14402.257 19627.447
32138.46 45009.188 73488.17 85878.8 17133.934 72516.2 59864.844 86844.46 49727.145 58427.965 71844.805 46640.2 60165.84 52747.785 34344.223 77316.44 76759.9 50938.746 36671.387 43184.73 55604.527 45163.543 45215.992 20673.477 27937.188 60381.46 12473.5 16381.962 25750.598 11154.895 57078.23 41606.105 28855.344 66970.234 55856.81 51052.12 55656.957 52924.207 62920.902 52481.414 72598.44 4558.542 70046.21 65945.43 80048.24 59397.43 37977.848 51364.25 7206.407 56139.547
