75 100
42 26 55 0 65 10 21 48 69 12 6 52 56 9 23 5 58 47 71 34 2 18 16 1 54 59 11 72 13 43 8 14 36 38 49 74 68 41 66 22 20 62 30 31 45 50 3 63 32 28 44 39 15 29 61 33 7 4 53 60 25 51 24 46 73 64 35 19 57 40 70 27 67 17 37
69 55 38 64 9 72 13 65 3 61 43 32 41 24 42 62 66 17 11 12 14 52 68 57 37 33 44 29 51 31 67 59 6 25 50 0 70 45 28 4 39 26 34 2 73 36 35 1 23 49 63 18 10 30 15 74 16 48 22 27 47 21 46 40 60 20 56 8 54 19 5 71 58 7 53
63 67 12 26 36 31 19 15 56 6 29 62 20 69 0 30 8 5 24 13 9 49 2 50 52 41 32 4 16 68 14 54 64 44 33 61 23 51 35 72 7 38 42 48 46 60 27 34 74 58 25 53 39 57 3 10 71 21 43 28 22 18 40 45 70 47 73 1 66 59 37 11 17 65 55
3 56 27 20 7 32 66 1 23 36 19 53 2 35 49 73 38 67 13 29 21 12 14 63 9 64 69 39 18 28 10 68 33 6 59 58 17 22 74 50 4 46 26 41 54 47 24 25 44 52 42 70 34 71 72 5 11 40 57 62 60 16 65 8 55 30 48 0 37 51 43 45 15 31 61
47 10 64 20 55 59 61 21 25 50 53 15 7 8 60 51 67 74 11 32 13 18 65 57 66 26 72 44 27 48 12 63 23 28 62 49 5 24 33 17 70 71 29 42 16 54 41 36 2 19 4 68 40 3 35 9 39 43 34 58 30 1 73 69 14 45 6 46 0 37 52 22 38 56 31
39 69 60 34 65 50 42 59 54 19 64 18 6 43 66 38 57 72 73 53 67 49 48 70 29 40 24 35 55 0 28 74 26 44 52 4 62 11 15 10 68 37 58 46 45 21 41 23 3 7 27 13 71 56 14 47 30 1 12 63 33 51 32 20 9 61 8 25 17 16 2 31 22 5 36
24 64 74 50 53 42 58 55 22 33 6 47 32 70 16 62 67 35 65 52 23 19 27 8 11 69 41 36 18 45 48 72 15 71 13 0 30 1 12 2 26 20 73 7 46 9 34 21 57 3 17 66 10 56 60 25 61 59 51 31 43 38 28 68 37 39 4 14 44 29 49 54 5 40 63
68 13 65 0 12 48 5 45 71 50 64 46 70 54 35 22 9 14 49 28 53 57 30 33 69 72 37 7 8 34 60 42 17 27 62 39 6 24 19 29 67 1 26 66 32 38 2 4 47 55 63 15 61 58 18 10 44 20 31 36 41 21 3 11 56 52 51 74 23 59 73 16 43 40 25
49 26 11 18 36 64 48 3 71 72 41 22 70 47 8 54 38 58 35 27 74 39 31 66 44 17 7 60 34 67 30 73 29 24 10 13 69 68 33 16 62 55 43 32 19 15 51 5 1 6 12 23 56 52 61 65 40 14 0 59 42 2 50 53 28 9 25 20 37 63 57 4 46 21 45
34 32 10 54 4 21 22 52 46 29 5 11 19 58 36 24 25 59 1 26 18 48 71 13 53 31 49 14 20 15 50 63 6 43 41 40 42 67 2 9 3 65 70 66 17 16 60 51 27 33 0 23 74 38 47 7 30 12 39 68 45 37 35 8 57 61 72 62 28 69 64 73 55 56 44
35 53 17 2 58 39 61 43 51 37 4 9 22 13 57 32 63 45 11 24 49 15 18 47 12 67 16 3 40 30 26 69 44 55 66 34 28 62 21 31 10 23 38 60 5 7 54 71 46 8 0 19 56 29 33 50 64 41 68 36 74 1 48 73 20 70 52 42 27 14 25 65 72 59 6
41 23 6 44 26 27 33 56 58 10 63 16 52 72 36 35 15 53 69 68 28 54 50 51 0 49 20 38 60 24 32 17 18 65 40 37 73 62 47 42 67 22 31 5 11 64 70 71 1 45 39 46 12 19 13 43 9 8 21 66 55 7 30 29 4 14 59 74 48 61 25 34 2 57 3
26 7 12 29 1 21 52 30 22 54 31 60 50 4 42 9 38 45 55 70 11 13 19 34 43 74 16 68 0 57 49 62 6 64 24 41 69 73 27 2 58 65 44 8 56 20 28 25 32 39 3 48 67 37 66 33 36 23 61 53 72 10 46 18 71 5 59 14 51 40 15 17 63 35 47
17 11 43 72 28 8 39 7 34 30 15 63 24 37 33 69 54 41 65 9 27 73 46 4 2 10 59 20 0 60 19 21 32 40 57 67 13 52 48 26 64 16 36 56 3 25 68 18 47 6 51 1 45 70 22 38 66 12 55 58 53 74 44 50 49 61 42 35 31 14 23 62 5 71 29
19 3 33 10 11 61 39 72 70 41 53 14 2 67 12 65 62 29 73 37 15 69 50 25 49 17 43 54 8 18 13 20 63 47 28 31 56 32 51 42 59 60 30 24 27 45 57 16 34 35 40 44 1 71 48 64 0 4 26 66 55 68 46 21 74 23 58 52 5 9 38 7 36 6 22
50 23 3 67 69 66 44 56 73 55 62 13 34 5 31 72 38 10 28 4 20 26 17 46 22 8 7 12 6 37 65 54 64 61 59 58 42 47 15 35 30 19 11 74 45 33 25 71 51 24 40 2 18 36 68 16 39 60 41 70 21 9 57 63 0 29 53 1 48 43 32 27 52 49 14
0 17 1 62 49 3 65 20 14 68 39 23 30 53 44 32 18 51 56 24 54 13 11 66 27 50 72 61 25 10 73 52 6 47 33 8 9 31 60 64 57 35 22 19 55 38 29 26 28 45 15 69 58 48 34 59 36 5 63 7 71 67 46 12 41 43 16 2 21 70 40 42 37 4 74
0 5 13 56 68 66 4 27 3 18 52 67 46 21 9 73 17 54 50 57 53 63 59 72 31 12 48 26 40 7 25 14 61 38 34 47 6 55 41 74 22 64 60 36 35 19 10 16 2 51 44 1 71 45 37 29 11 32 39 15 8 42 65 24 69 49 30 23 33 62 20 43 70 58 28
15 27 57 24 68 35 52 21 25 19 16 22 43 41 59 40 51 32 13 7 69 63 66 33 18 65 64 60 1 74 23 54 73 2 44 4 37 9 67 39 11 6 38 42 56 30 58 62 5 26 8 47 31 3 49 70 34 36 17 50 45 55 53 0 48 72 71 46 10 29 12 61 14 28 20
40 55 15 50 70 33 43 58 39 11 6 38 51 32 23 12 48 45 7 27 10 69 8 60 62 68 46 28 26 36 37 0 14 71 53 34 72 61 5 22 2 57 65 9 67 59 74 19 73 64 16 30 41 63 20 25 17 44 1 13 4 18 47 54 49 56 52 3 24 29 66 42 21 31 35
12 21 33 34 10 32 9 40 13 27 30 61 53 55 16 56 57 31 42 26 39 59 38 24 58 28 37 46 71 4 23 68 54 11 63 45 70 36 35 51 44 0 8 41 2 15 3 6 48 22 74 62 47 7 49 18 17 64 66 14 29 72 52 67 50 65 60 5 20 73 43 25 1 69 19
35 6 43 51 59 63 26 12 69 2 60 0 53 28 5 66 16 47 13 54 11 27 10 24 50 57 32 29 71 55 1 21 67 73 41 46 45 34 68 7 37 8 40 30 42 38 52 3 56 61 4 14 19 31 62 25 49 58 18 72 36 74 65 9 15 39 23 48 70 20 33 64 17 22 44
46 11 20 63 69 31 0 53 16 58 54 62 42 55 52 45 24 22 26 9 38 65 29 36 71 51 35 34 30 44 8 23 68 33 40 50 64 6 72 60 32 41 4 70 28 3 49 74 13 67 5 39 47 12 19 7 66 27 10 18 73 37 61 43 1 17 59 57 25 14 21 48 2 15 56
45 29 71 1 62 23 26 44 8 2 43 33 5 21 68 41 36 57 24 63 67 18 12 17 38 10 42 0 70 30 14 7 48 61 64 59 69 39 13 25 53 47 66 35 34 31 9 20 73 46 11 51 72 56 40 50 60 3 65 54 16 74 27 22 55 37 58 32 19 6 15 49 52 28 4
4 39 2 18 23 19 36 41 66 61 65 68 12 11 56 50 42 70 30 48 57 22 46 34 8 45 53 47 1 72 71 58 0 14 51 25 13 63 24 26 33 73 29 43 64 31 32 67 49 60 44 54 59 38 28 55 35 15 69 62 9 52 17 10 3 21 6 37 74 20 5 40 7 16 27
64 69 39 47 23 27 19 41 67 21 0 32 28 17 24 63 57 58 18 46 48 10 65 73 15 60 36 5 43 68 56 42 59 50 6 49 70 2 8 66 40 34 16 12 37 53 4 74 51 14 26 20 52 11 54 7 9 1 3 62 38 44 30 71 35 72 13 25 31 29 33 22 55 45 61
55 5 28 24 70 57 72 67 73 22 39 49 37 48 11 65 38 21 23 6 32 41 33 52 15 71 29 56 30 10 26 13 43 9 1 53 35 4 34 64 14 66 17 59 3 25 2 31 74 47 62 63 27 36 58 19 46 51 8 7 44 40 60 45 12 16 20 42 50 0 18 61 68 54 69
64 55 44 22 33 16 59 19 74 36 4 42 10 29 70 12 17 72 60 26 20 43 67 57 50 13 5 48 38 46 73 28 68 45 71 31 7 21 2 62 37 54 69 51 8 52 34 61 30 32 1 0 23 24 6 41 9 65 35 3 56 40 27 11 15 66 25 14 63 53 49 39 18 58 47
1 17 56 70 60 72 59 54 68 4 71 40 24 8 74 66 30 28 43 73 19 69 31 12 25 55 48 32 62 47 50 3 45 63 15 67 58 13 26 38 57 46 61 0 7 9 14 16 23 22 5 27 37 44 6 11 35 64 33 41 2 10 49 42 34 21 20 65 52 51 29 36 39 53 18
57 58 68 43 56 63 66 23 37 17 2 9 55 47 7 41 69 3 53 30 45 67 61 65 24 31 62 26 48 52 6 46 35 42 16 10 13 54 71 8 22 33 19 32 74 29 50 64 25 39 44 18 15 49 36 59 27 70 21 14 38 0 40 11 4 51 20 5 28 12 1 72 34 60 73
70 46 71 42 2 45 15 74 6 17 72 0 40 49 7 39 50 47 59 57 21 54 35 29 32 43 51 10 25 56 27 12 41 19 1 9 63 67 11 65 31 44 18 4 36 68 16 52 69 26 23 3 30 58 66 61 8 22 60 55 14 20 13 33 37 53 38 34 62 73 28 64 48 5 24
73 1 29 70 49 48 69 32 35 14 44 9 62 31 59 58 74 18 57 71 5 61 21 33 68 67 50 56 36 55 16 19 40 60 13 12 0 53 51 39 63 64 54 26 38 10 47 8 41 65 20 46 4 23 24 2 7 30 37 6 72 25 34 66 28 11 3 22 42 17 15 27 52 45 43
10 62 44 15 68 22 34 70 72 11 36 50 55 51 52 4 45 7 29 3 37 33 39 30 49 12 42 38 71 26 13 64 40 21 31 60 2 61 65 35 57 43 69 6 41 59 53 47 5 67 25 63 9 46 73 23 27 20 14 28 66 16 19 24 8 17 1 18 58 0 56 54 48 74 32
52 39 10 28 14 35 5 36 33 44 54 13 7 1 2 61 23 66 11 58 6 64 4 3 60 32 65 68 69 57 18 22 72 8 31 40 59 38 47 25 26 56 48 21 0 19 15 17 46 12 42 63 45 53 71 51 73 37 16 27 70 62 30 34 41 24 49 20 67 29 50 55 74 43 9
17 40 8 72 7 51 47 50 65 44 70 20 38 26 52 22 14 15 66 27 18 69 37 12 16 46 43 30 2 0 28 9 41 60 10 68 4 53 11 31 56 67 58 49 73 3 57 61 55 62 36 63 13 39 45 23 5 21 32 59 42 6 34 25 1 64 19 35 48 54 74 29 24 33 71
33 11 32 23 4 58 59 70 25 35 29 21 10 44 26 65 55 51 2 71 41 19 50 73 5 18 7 48 20 17 54 0 37 36 16 67 3 1 9 28 69 53 13 56 60 6 46 68 22 57 30 14 72 63 42 24 49 45 40 43 8 39 31 47 74 15 52 27 62 66 64 12 61 34 38
29 56 45 39 71 65 26 54 73 2 17 30 36 41 19 33 50 13 24 34 47 21 7 8 46 68 38 15 69 49 40 42 9 3 63 18 48 23 22 52 60 20 74 11 72 58 53 1 14 57 5 59 16 51 6 44 61 27 43 25 10 55 37 32 35 62 70 67 28 12 0 4 31 64 66
0 46 16 25 24 74 54 22 23 17 64 49 14 2 68 19 30 26 51 39 12 32 3 13 45 52 50 28 61 67 41 71 72 9 21 65 70 42 18 69 20 29 56 33 66 35 47 53 36 8 31 40 60 11 1 63 55 57 10 44 62 6 4 7 5 15 37 27 59 73 43 34 48 58 38
42 38 27 15 32 51 72 58 17 73 11 28 70 35 69 8 9 34 16 21 4 37 63 44 18 40 55 52 6 53 31 46 66 3 64 49 74 54 29 47 7 65 61 71 26 22 48 2 1 19 20 25 5 59 24 67 0 45 33 41 56 10 50 68 39 62 36 30 60 43 14 12 13 57 23
40 1 60 55 19 22 41 70 44 8 7 2 68 32 35 34 48 61 36 62 46 74 18 43 56 59 49 38 45 13 10 27 4 42 26 0 12 31 72 47 66 64 37 33 9 51 16 39 24 58 29 30 54 11 50 52 17 73 67 5 69 20 6 25 14 57 23 53 65 63 28 21 15 3 71
13 65 70 49 58 23 7 44 51 33 19 60 67 1 24 18 28 26 43 29 45 55 66 73 38 48 63 50 3 12 15 21 62 72 6 46 30 32 4 47 10 56 57 74 41 22 11 20 17 27 8 2 35 40 69 54 31 37 53 68 0 34 5 52 64 42 9 71 14 36 59 16 61 25 39
63 10 39 58 68 51 8 28 16 42 21 3 71 30 67 72 14 46 33 57 32 70 73 7 4 44 66 50 27 19 9 56 69 61 65 53 48 43 62 0 35 54 18 34 15 47 13 38 23 1 40 45 49 5 25 6 12 20 11 36 64 22 41 74 55 29 2 26 52 17 59 37 24 60 31
51 44 61 65 74 49 6 60 45 33 25 1 50 35 19 41 67 59 62 8 27 17 20 0 10 3 72 15 5 12 57 14 56 52 13 73 7 31 69 2 70 22 58 63 24 36 16 64 39 68 26 71 29 66 54 28 37 21 23 18 38 40 55 34 47 42 4 53 48 32 30 46 43 9 11
60 32 61 15 48 47 34 30 50 53 46 13 25 63 52 44 9 31 1 36 23 70 16 41 22 4 72 42 65 37 40 38 28 54 8 18 55 17 2 56 62 58 11 71 3 68 74 7 39 0 51 21 14 35 59 67 26 20 29 49 69 57 12 73 5 45 64 6 66 24 10 27 19 43 33
32 61 37 71 60 38 34 22 29 8 44 23 15 2 54 6 3 50 39 56 51 64 40 1 65 14 58 31 47 10 42 27 30 55 33 70 66 45 11 67 5 20 26 46 62 72 63 57 24 69 41 74 73 19 28 48 0 25 21 68 13 43 9 7 53 49 17 4 16 12 36 35 59 18 52
65 16 1 58 52 70 50 7 3 2 0 60 19 11 53 57 42 14 54 10 56 63 35 69 24 67 29 9 68 4 71 51 31 38 74 62 64 5 26 45 43 15 73 66 39 40 22 13 30 34 23 55 32 37 41 49 59 17 72 20 44 33 36 8 61 27 6 12 18 25 48 47 28 21 46
2 38 54 51 72 41 37 4 71 8 34 5 17 6 42 73 3 10 57 35 16 9 46 49 68 26 66 15 0 20 23 12 67 39 59 27 29 74 19 44 50 60 24 11 48 7 63 33 55 30 22 21 56 65 28 69 64 25 36 62 14 1 52 40 70 45 58 47 32 61 13 31 53 18 43
44 36 49 57 39 72 2 46 68 5 27 69 0 7 67 1 38 18 9 63 11 54 31 43 64 20 21 58 6 56 25 16 13 17 23 47 34 26 10 59 37 51 32 42 28 74 22 66 71 65 15 8 50 29 24 30 12 73 4 61 52 62 53 19 48 60 41 55 35 70 14 45 40 3 33
42 47 62 40 0 21 18 65 57 37 17 36 50 10 38 68 30 43 25 39 13 72 34 67 20 49 5 14 31 51 7 19 26 71 8 23 1 27 6 48 24 53 59 44 3 16 64 2 41 22 56 69 9 74 45 54 55 61 33 52 12 28 35 60 70 66 58 73 4 63 29 32 46 15 11
45 23 17 8 6 36 32 63 40 11 25 4 71 27 43 15 49 35 67 10 59 37 34 13 7 55 19 58 48 29 47 74 51 12 14 16 42 57 33 22 68 30 2 38 20 52 46 65 3 72 73 9 1 64 39 56 18 61 41 50 5 28 70 62 26 24 31 54 69 60 21 0 53 44 66
19 68 65 41 12 74 16 26 23 5 28 35 37 29 48 61 10 20 1 62 32 8 63 50 14 4 39 13 49 27 42 46 30 24 17 60 56 66 22 11 2 18 70 72 53 47 44 64 40 69 25 43 58 71 52 55 59 15 7 9 3 31 67 34 33 57 45 21 54 0 6 73 36 51 38
43 59 70 50 8 5 16 38 20 66 17 44 57 62 60 22 52 65 3 72 41 61 11 12 32 26 40 45 47 69 55 39 21 18 35 9 7 34 42 10 67 23 13 49 1 2 56 74 19 54 15 30 27 71 4 48 29 46 28 63 68 36 14 37 64 6 24 58 31 0 51 25 53 33 73
25 21 11 73 27 47 43 46 3 57 30 4 10 50 14 15 38 6 48 67 13 56 54 9 39 53 31 12 51 0 22 62 2 70 19 69 60 17 66 44 63 52 37 23 7 33 28 58 49 8 32 45 42 26 18 61 16 5 55 1 65 35 40 74 24 36 72 41 64 59 29 20 34 71 68
16 48 30 38 40 70 13 63 52 57 7 20 4 33 65 58 66 2 32 19 60 5 14 29 27 36 1 59 55 43 74 3 28 18 31 22 67 45 34 35 62 47 37 9 17 26 73 72 44 54 39 11 24 0 61 6 42 69 10 15 71 68 12 50 21 53 46 25 49 41 23 64 8 56 51
30 19 6 21 18 17 60 14 39 56 71 53 1 37 27 23 40 20 69 62 67 38 33 63 46 68 7 15 42 35 26 49 31 44 48 16 64 24 2 29 12 4 22 43 50 57 8 0 5 55 54 65 9 41 66 74 10 25 70 59 52 72 13 45 58 11 51 61 32 3 36 47 73 28 34
49 48 64 67 61 24 16 28 47 14 29 68 69 7 59 25 27 18 70 60 45 66 54 11 39 43 17 33 15 35 52 63 1 12 44 57 55 4 62 53 58 51 34 3 19 0 74 2 26 6 56 20 31 42 38 65 71 10 9 21 50 40 13 41 36 32 73 23 30 46 72 22 37 5 8
42 18 70 13 32 34 40 69 51 38 16 0 29 60 9 71 22 72 2 48 58 37 45 31 65 25 28 8 26 68 19 62 49 54 35 57 61 21 46 10 63 39 4 67 41 56 59 11 43 64 47 20 55 15 53 27 17 36 30 44 50 7 73 3 33 6 12 23 66 24 5 14 52 74 1
27 69 6 39 15 35 63 71 7 0 65 60 66 53 57 28 31 23 54 5 46 20 43 51 2 45 42 49 52 13 22 12 74 17 16 40 3 4 48 10 14 21 41 1 36 58 70 56 18 55 24 68 34 37 25 67 19 26 29 64 11 9 62 61 59 73 8 72 50 38 44 32 30 33 47
40 0 35 3 53 15 64 24 9 74 56 22 61 29 16 36 33 70 28 66 34 68 14 31 46 38 8 63 27 62 71 54 65 4 50 26 55 23 7 48 10 2 32 37 42 18 30 47 60 25 17 11 5 41 51 21 6 12 13 45 58 67 57 69 20 59 39 1 73 72 49 43 44 19 52
6 74 63 9 65 46 38 72 39 73 26 2 42 14 56 34 7 18 15 64 59 49 66 61 37 62 51 40 31 70 19 5 54 50 35 4 48 11 8 30 44 57 21 10 55 52 43 1 60 3 28 16 36 17 45 27 67 33 22 53 32 23 47 12 71 24 68 20 0 25 13 41 58 29 69
69 16 71 11 49 21 14 6 63 59 68 73 45 44 18 29 58 56 3 50 48 52 41 40 36 35 17 65 37 27 8 22 0 66 72 15 38 47 10 13 55 1 25 51 46 33 57 2 64 43 28 12 19 70 39 61 62 54 7 9 60 74 32 4 42 53 20 30 31 5 23 34 67 24 26
44 48 69 19 14 55 26 74 4 25 50 32 16 30 33 49 40 39 9 23 63 72 0 53 62 29 52 42 46 47 51 41 59 58 71 20 31 64 11 57 56 60 73 21 18 17 43 68 15 35 54 36 7 45 67 1 37 34 65 24 5 12 27 8 70 3 61 22 10 2 66 13 38 28 6
70 3 59 56 66 20 68 6 13 8 11 49 27 5 41 62 15 16 32 61 74 31 42 53 26 65 34 7 0 24 36 35 39 64 29 43 22 57 37 9 50 60 38 72 71 10 30 1 12 44 2 54 28 46 45 23 51 40 52 55 63 58 4 25 33 47 14 19 48 69 21 17 73 67 18
2 69 6 4 50 72 47 1 27 70 10 24 41 21 48 67 5 15 74 3 64 59 33 53 29 65 40 25 28 32 11 8 17 26 43 56 31 57 55 58 16 49 18 63 19 37 39 20 68 12 22 61 23 44 51 0 38 9 45 62 42 73 35 46 14 30 7 36 52 13 66 54 60 71 34
61 53 19 8 34 49 62 1 44 20 9 55 17 68 25 11 28 3 23 66 13 22 70 2 26 63 60 48 30 64 56 5 57 12 10 38 72 54 43 0 36 18 21 31 50 24 6 41 27 59 4 33 45 51 32 71 29 14 7 58 40 39 15 47 42 35 67 69 74 46 16 37 52 73 65
59 7 70 9 74 1 10 62 33 37 23 8 25 54 14 28 64 51 17 20 13 3 34 52 67 60 50 21 44 53 18 55 4 22 69 47 71 36 58 24 68 27 38 32 66 16 46 48 61 73 42 56 11 29 65 40 49 45 43 0 57 19 6 2 15 31 63 41 12 72 39 35 30 26 5
48 57 42 31 7 3 61 5 72 60 64 38 40 11 71 33 52 27 45 74 70 29 8 18 69 30 67 55 13 37 10 0 17 66 68 65 22 12 32 73 39 19 44 59 63 23 25 2 6 49 46 20 15 14 9 35 26 4 47 54 34 21 62 41 1 50 53 51 43 36 16 58 56 24 28
16 53 64 27 29 57 61 39 54 65 6 51 11 28 36 47 42 4 71 60 73 7 31 1 74 19 33 12 58 20 62 43 40 17 23 45 66 30 67 2 68 22 50 55 52 3 32 9 18 10 46 38 44 56 37 35 63 59 8 49 72 48 69 26 5 41 25 21 14 24 13 15 0 34 70
9 34 16 67 29 26 40 53 7 12 51 71 61 18 25 64 68 72 49 6 62 20 3 73 14 37 44 5 74 42 52 33 63 48 13 47 1 36 57 39 31 50 11 45 0 69 22 56 70 46 19 32 8 43 65 38 4 54 60 41 55 2 10 23 58 27 30 17 35 28 21 24 59 15 66
74 14 2 16 52 65 68 37 46 12 18 40 10 17 28 34 47 56 51 64 62 57 25 55 6 0 13 61 67 66 38 8 15 44 60 49 69 4 32 9 58 21 53 50 3 39 42 35 1 63 22 73 29 11 59 72 23 30 54 27 70 43 41 5 19 24 20 36 45 71 31 48 33 7 26
4 51 40 43 20 0 18 58 26 62 63 53 7 46 67 1 69 56 60 49 44 47 19 2 61 45 32 12 17 42 5 73 25 15 22 55 52 57 9 29 33 71 13 72 11 31 50 24 10 64 37 14 30 41 8 59 38 35 68 3 65 6 27 16 74 66 23 48 70 28 39 34 54 36 21
8 22 65 60 17 30 41 61 24 47 11 34 10 23 49 20 72 74 53 15 46 18 45 55 40 5 51 13 32 1 12 39 7 27 43 28 37 3 71 42 4 54 36 9 38 44 0 68 21 16 2 14 35 56 33 59 70 64 48 57 58 69 6 63 19 62 31 73 50 29 26 52 67 66 25
34 26 54 28 67 8 7 40 64 25 55 11 15 70 22 29 2 61 12 23 9 58 36 27 17 3 49 47 65 62 66 51 32 1 39 24 60 6 48 13 0 68 21 56 53 38 63 16 20 41 42 37 45 18 59 43 69 50 71 33 35 10 44 31 57 5 72 73 30 74 14 46 52 4 19
17 4 67 14 61 74 44 69 45 51 3 16 35 19 60 56 46 18 52 26 48 24 42 29 0 68 33 47 6 62 1 40 49 54 32 23 59 13 20 38 9 30 15 21 37 12 34 63 43 66 72 65 41 2 53 22 57 25 50 10 7 8 36 27 64 58 55 39 71 28 11 31 70 5 73
62 72 33 25 19 53 67 15 30 6 73 55 48 31 11 27 42 8 37 47 22 66 38 14 56 50 12 0 70 34 68 20 65 41 32 4 40 5 43 51 13 10 23 60 49 24 74 7 63 28 61 17 21 2 44 46 59 52 1 54 18 64 35 45 39 26 58 71 3 57 16 36 9 69 29
17 58 40 23 49 9 64 1 36 54 30 4 65 15 56 68 24 8 33 26 42 18 12 25 59 2 28 66 70 44 5 31 37 63 45 57 6 43 51 62 10 67 60 46 13 29 73 34 27 20 7 32 72 48 61 47 39 14 74 0 21 16 38 55 52 41 19 3 35 71 22 11 50 69 53
14 10 5 71 70 52 44 32 60 47 24 54 34 41 63 73 6 18 27 72 38 36 7 56 13 39 19 23 22 17 9 31 2 35 59 15 51 69 1 46 55 21 61 58 12 29 66 62 74 48 11 57 42 50 20 53 26 4 43 3 30 28 25 67 33 0 40 49 16 8 37 65 45 68 64
36 7 64 11 65 0 31 67 47 32 22 29 59 45 2 61 15 50 60 27 54 23 20 16 1 56 73 53 63 18 43 62 40 69 14 34 6 44 51 30 12 46 21 33 19 26 68 38 9 39 37 71 35 52 24 3 66 72 70 49 4 28 58 8 48 41 55 42 25 5 74 57 13 10 17
58 54 33 37 10 24 40 26 46 11 25 44 21 50 65 61 32 13 23 67 35 59 5 60 15 31 49 74 27 68 45 19 2 12 63 30 53 56 17 18 1 4 22 70 57 66 16 29 42 39 47 41 71 64 73 14 62 3 8 7 69 43 72 52 55 0 9 28 20 51 6 34 38 48 36
4 43 56 38 37 48 46 36 58 33 17 55 13 42 69 28 18 31 5 30 60 49 72 57 1 35 70 66 22 71 2 54 67 23 6 27 8 51 50 10 3 61 62 47 15 64 29 68 25 7 74 14 65 45 24 9 11 26 73 21 52 20 32 53 16 0 59 63 34 44 39 40 12 19 41
45 72 5 56 24 69 15 62 71 1 46 32 14 33 40 2 3 21 53 38 70 4 19 12 31 22 39 48 64 67 11 26 54 29 25 28 41 10 6 42 35 23 58 61 7 59 55 73 8 60 47 74 18 44 65 63 37 49 57 0 66 50 13 27 52 9 43 51 17 30 16 36 20 68 34
66 17 26 15 14 11 5 19 38 28 1 40 42 45 41 62 46 43 58 37 53 8 27 31 23 34 51 63 33 49 12 54 0 18 70 30 39 73 69 72 10 2 71 74 61 57 48 47 25 44 55 7 64 9 67 32 16 6 29 65 21 52 68 4 22 36 20 35 24 13 56 59 50 60 3
2 57 61 53 4 11 48 55 68 37 35 32 58 29 52 27 50 47 12 15 14 30 5 6 28 74 10 45 67 56 22 70 65 17 19 43 44 8 3 0 71 9 59 64 38 54 23 66 60 46 40 18 69 63 41 20 51 73 72 24 7 39 1 49 36 16 31 33 42 13 21 34 25 26 62
19 40 9 21 1 73 16 17 12 41 65 6 53 28 8 27 11 47 71 36 57 55 2 70 52 72 14 3 13 62 68 10 69 37 34 18 30 15 46 22 4 24 54 49 29 64 0 42 20 66 5 44 61 50 23 56 48 31 26 60 35 39 32 38 59 7 63 43 45 33 67 25 51 74 58
35 69 74 16 56 32 27 26 72 38 29 47 64 9 2 40 39 67 4 71 54 65 63 42 50 55 30 57 6 48 58 14 44 61 7 41 21 68 8 13 45 59 31 66 37 17 52 73 33 5 15 19 22 46 28 53 51 20 1 18 12 0 34 36 11 25 43 60 24 49 62 70 10 23 3
63 7 30 19 44 16 46 51 71 8 24 70 40 25 47 43 42 61 69 74 20 0 56 55 64 23 26 13 29 3 50 72 32 54 5 17 57 28 10 62 22 67 66 31 59 53 15 48 49 60 65 2 4 38 58 18 21 37 52 27 36 34 73 68 11 9 1 35 45 41 12 14 33 6 39
52 28 19 5 31 17 44 70 71 47 3 67 68 45 66 36 12 54 9 38 42 29 2 27 40 51 49 4 74 33 24 14 16 56 10 18 21 58 53 64 50 34 72 32 8 15 61 25 60 59 62 55 0 7 6 41 20 57 13 11 39 23 48 22 46 43 63 69 37 30 73 65 26 1 35
56 13 68 18 73 14 41 20 25 30 58 43 67 34 55 33 64 21 63 69 40 60 46 0 24 32 59 2 1 15 48 51 38 70 29 11 26 12 57 6 65 23 9 66 17 36 44 61 27 8 37 4 28 5 53 35 19 74 54 7 39 49 3 72 52 62 47 10 45 71 16 22 42 31 50
28 13 24 26 37 10 25 20 38 49 50 58 57 17 32 42 22 53 54 44 67 62 41 48 6 4 35 73 2 16 7 0 29 23 39 34 45 14 21 31 36 5 51 43 18 11 47 71 56 1 64 61 65 8 9 63 40 52 30 3 59 15 33 19 27 55 74 46 69 68 72 66 70 60 12
0 39 44 28 55 49 20 54 56 34 61 16 35 24 73 4 12 48 3 53 46 59 66 26 51 30 42 71 58 64 57 15 70 23 60 14 6 62 67 31 21 65 7 25 13 22 5 37 19 2 11 63 74 69 47 10 40 43 8 41 17 45 72 50 29 18 33 68 38 9 52 36 1 27 32
71 45 39 60 32 37 40 56 2 64 30 25 72 29 44 67 38 18 15 6 47 68 27 63 66 54 58 0 28 70 9 26 23 33 34 3 31 55 5 35 73 65 46 41 42 8 53 36 69 19 61 17 4 57 49 52 74 16 13 21 1 43 7 48 10 62 24 14 20 51 12 11 50 22 59
60 71 19 68 59 2 47 36 26 21 22 32 72 62 53 30 50 13 35 28 14 58 8 4 40 65 29 10 12 39 44 38 1 16 0 9 51 61 17 23 52 42 69 64 5 66 37 46 34 33 25 67 6 55 49 31 27 63 11 18 56 7 73 20 15 43 70 48 54 41 57 3 24 74 45
69 6 11 34 13 12 24 19 60 15 23 18 22 2 51 40 55 72 29 28 56 25 14 74 20 35 7 44 68 45 4 65 1 17 27 66 33 10 63 42 61 39 50 53 52 67 47 3 62 30 37 32 41 0 48 9 31 5 71 21 43 26 57 73 16 49 59 58 64 36 38 8 70 54 46
50 36 65 35 24 39 25 6 60 10 8 11 53 12 7 22 56 38 57 43 64 9 21 16 69 40 29 19 70 42 26 74 2 66 48 32 37 68 67 14 61 63 20 71 72 59 5 41 52 31 23 15 30 45 1 46 28 4 34 0 33 58 44 17 54 51 18 73 49 27 47 13 55 3 62
5 52 36 37 4 3 0 10 44 12 19 68 9 7 25 22 63 54 51 18 60 1 24 28 67 2 39 59 65 61 71 72 47 73 33 8 64 57 26 74 56 58 20 23 70 30 35 6 42 41 29 27 62 21 45 38 46 17 53 48 11 32 69 13 55 66 16 31 49 15 50 40 14 43 34
56 57 35 1 11 49 37 46 68 45 58 19 50 55 72 24 22 71 66 48 60 25 54 28 10 33 2 73 23 8 51 7 63 67 3 14 39 12 65 40 18 32 52 9 53 15 64 44 70 34 38 62 5 0 20 41 21 26 61 29 16 4 17 30 74 47 43 69 36 59 31 13 27 42 6
25 5 50 55 24 6 40 22 63 1 66 48 44 10 71 69 17 16 21 14 51 60 70 35 9 53 4 2 38 45 12 18 62 42 29 23 19 34 15 33 68 36 37 72 47 11 31 39 43 74 56 54 13 61 3 0 26 7 58 20 46 57 32 64 49 52 41 8 73 27 28 30 67 59 65
39 69 21 34 44 7 67 57 37 52 49 73 65 64 54 56 47 12 62 1 42 8 40 2 0 59 5 53 17 15 32 55 36 41 10 27 72 25 22 60 71 24 6 43 26 63 20 70 23 33 30 14 58 11 38 50 46 68 74 35 61 13 28 31 16 45 48 9 3 4 51 66 29 19 18
1 27 70 46 4 15 7 37 26 16 44 29 58 28 38 59 20 49 54 66 64 50 2 34 57 48 30 55 52 41 61 5 42 62 22 71 9 21 74 31 18 25 13 6 56 19 51 12 68 73 60 17 40 45 23 39 3 10 14 36 69 67 72 24 32 65 8 11 53 63 43 35 33 47 0
20 21 66 26 30 5 10 13 38 34 70 35 59 15 33 19 71 4 50 74 6 47 0 39 55 53 23 61 9 46 22 72 43 57 18 37 48 40 44 69 49 16 27 60 14 28 2 64 41 7 36 8 17 12 54 68 3 65 56 52 58 24 62 32 11 31 73 29 45 67 63 42 1 25 51
627041
898636
832139
562322
828106
763634
572864
707992
855928
646279
867793
563152
567855
637481
734775
746804
792271
779890
750467
827549
761326
610945
588964
654736
870827
893012
738828
848277
807252
757697
668906
771280
876675
753898
886720
869429
568447
641454
844624
841235
731785
701181
585693
783284
838206
616954
777306
696881
912433
713827
728010
595780
726085
863190
844689
590662
649072
913109
576775
558666
787805
764145
767354
916003
742895
777805
781917
912976
595434
611891
759940
585429
799030
750056
746504
92218.72 97512.26 80844.1 39019.91 42627.98 57013.535 77824.125 25315.473 2622.6316 96258.234 71678.58 49262.605 82393.78 94246.164 53991.44 38244.117 46195.363 82097.516 17226.148 70333.02 34037.637 58017.9 55276.32 50373.31 14697.975 29725.621 42862.87 67844.71 52210.297 12704.826 112259.01 17700.213 31335.836 18003.78 45537.023 87692.125 71170.95 101194.4 82437.08 64184.105 17843.045 62767.26 89694.28 77619.82 41292.938 21705.84 21236.785 57476.508 108913.5 48117.277 81170.65 110451.14 41323.734 37884.832 61339.875 43696.2 23121.04 75138.375 89059.46 106152.74 96418.055 22320.486 61036.44 103938.62 61346.367 49239.06 15209.358 28343.01 85745.47 40362.074 75836.266 80581.7 76122.88 21543.412 32244.285
2660.2112 4363.407 8549.067 10002.916 5026.239 8868.952 4864.599 7160.3823 10632.078 8139.894 8179.1606 8566.284 1167.1804 3564.0205 5970.3784 6920.1104 5653.089 3599.461 9650.749 8660.215 7613.528 5348.0186 8308.465 2627.5537 12698.986 6768.417 10353.633 8181.481 4201.1416 9390.896 5107.877 7307.1997 8368.836 12158.215 8733.445 1609.0498 4231.055 4610.881 7401.494 8880.024 10171.818 4692.8765 8456.081 1391.9478 6152.8354 8213.38 8896.635 4381.456 4101.0586 4061.349 1275.3303 5089.1396 8845.232 6006.326 4370.053 4782.77 8296.067 10166.586 8485.49 4503.129 5584.5713 9241.725 6394.9385 3236.5725 2613.9832 5378.1587 8511.432 10157.052 3061.7546 6791.048 8650.204 6978.757 3010.5566 9411.291 7428.407
31257.172 13810.264 30353.008 49398.344 28364.758 33524.33 49035.043 44656.344 55598.77 24598.031 60759.508 58975.95 13235.92 6314.001 46869.188 52766.89 49780.508 3136.4163 49328.34 37771.793 47661.082 21091.025 61295.652 20225.28 70136.38 44151.1 62856.793 29661.314 18254.268 59289.46 38759.594 50667.504 63315.43 74305.47 45510.59 18569.393 11454.484 32661.719 65507.805 30444.52 63283.016 12576.765 28885.215 24285.37 34150.117 42549.47 48950.56 34745.918 33332.867 33296.027 27083.957 46180.258 45728.97 32445.049 12197.12 30683.48 54266.883 31807.457 29628.633 27097.363 13261.522 60062.766 58848.24 22153.387 32180.43 23821.318 48023.438 58899.496 38575.703 34077.355 63715.402 61456.543 38511.93 55650.836 49469.887
18422.83 18822.707 19496.615 11981.49 6165.084 13973.243 17161.223 3192.9016 8134.9756 23882.121 14537.004 13834.228 13608.008 19031.713 11572.322 8563.929 8543.964 14733.511 7493.803 18018.916 7459.8335 9008.338 13531.982 8296.006 14131.868 5122.8525 12604.962 15137.579 7325.8154 7651.14 24205.463 3702.9167 9692.877 13965.522 13800.756 16657.76 10576.31 22245.203 22928.844 16202.522 8644.846 12923.955 25506.96 15663.019 3132.9348 3212.6099 6281.5 9022.069 20695.328 4909.5396 15921.804 22339.611 11254.776 5219.651 12353.509 3732.1626 4812.781 23229.668 20388.967 20731.238 18251.904 8559.998 13588.776 18934.998 9076.198 6586.08 4425.357 9819.724 20629.234 8112.3643 18950.201 17549.793 14654.045 11539.202 4262.6323
60755.87 79756.91 91698.54 59529.434 47630.24 81852.04 58958.332 32990.03 28101.822 94799.516 32298.799 15975.763 61157.06 70854.21 24916.252 9425.844 18033.412 65413.316 17024.26 75148.41 6848.5884 50426.453 19537.707 44456.035 49380.402 10664.454 9686.65 70417.8 46208.24 21160.242 101752.75 29931.836 462.08887 50797.31 76384.414 71748.375 59487.188 92500.79 52983.516 73193.23 17788.807 60811.57 98973.234 70947.27 43508.63 30224.361 15170.594 31750.928 84468.33 28446.482 64216.91 70596.98 60933.484 48362.266 68075.29 37417.934 19290.014 88923.66 106815.7 80874.06 87967.27 9747.258 35250.656 94311.83 43676.406 47259.562 28567.615 11253.373 58947.082 48281.43 51504.848 44277.22 46841.805 49675.46 13717.735
23611.693 26415.652 30866.588 24139.29 9610.451 27587.568 30038.69 18334.748 26942.367 29825.592 32281.115 30728.854 12859.146 21940.809 24209.45 21810 20672.707 13909.178 23120.967 29825.059 23011.309 9788.276 26782.248 4665.505 35630.46 22562.596 33694.145 24212.484 3624.3545 28699.633 38762.504 19456.414 24875.002 36842.22 23898.91 22934.191 11480.375 31415.803 39324.945 28681.63 30231.066 13254.526 37192.53 21841.166 9531.864 15979.226 22304.047 16693.172 28612.383 8620.902 19999.35 30984.598 20865.47 12498.519 12787.371 7659.045 19182.863 36667.336 30492.406 29241.742 24103.178 25171.324 26193.24 28325.846 9983.157 7800.7393 22588.375 28653.18 26988.229 18608.07 37912.695 30142.69 21872.838 26532.596 19944.713
17898.43 2669.967 33843.105 40756.676 25505.492 34787.613 28943.414 40981.71 53179.83 28366.08 40634.3 51576.855 11100.8 5810.2188 35328.22 39664.01 37322.74 10636.209 40567.57 36286.785 40194.098 25189.455 43351.98 19815.762 55265.855 35593.38 49167.918 30404.818 23621.611 43588.895 16578.242 40814.21 47753.97 61355.508 40144.133 8178.528 19896.613 15300.761 42764.543 34782.26 50631.188 22175.8 29530.252 11623.807 33176.836 41841.055 44299.434 29452.436 12533.078 25849.742 16479.488 22609.42 36808.227 29250.092 18059.215 28256.453 45744.277 36585.316 35086.65 11145.9375 10780.213 42568.81 39503.133 3965.472 21663.922 27001.752 41111.56 45143.59 21930.438 31814.01 50130.484 40935.727 22706.805 52180.523 42214.492
33029.62 63517.523 66707.64 57482.492 49801.02 61350.81 25627.094 36430.62 43939.125 78001.35 5089.7573 13247.925 41512.773 56329.09 14400.274 22449.059 21450.656 50734.934 34994.914 71408.72 21954.791 51510.957 13029.051 35577.42 51039.953 25892.115 21471.656 69810.875 44486.355 38081.715 61636.14 41813.754 22610.129 50675.703 61046.305 44064.52 46298.652 44058.195 13465.722 65843.695 35236.887 57495.516 72054.734 45980.344 40702.387 36555.016 31115.727 22871.158 48790.734 31854.652 36970.746 45870.715 54363.582 45892.88 55236.207 37986.13 30118.486 72555.664 77168.74 50052.758 62754.094 28623.855 12563.251 55181.05 33684.316 46852.438 41718.543 29457.682 38871.977 48479.746 9484.457 12115.409 26138.338 54659.62 29107.094
1103.4154 1772.7164 2013.3152 1144.9756 933.4871 1534.5089 881.4097 679.53406 685.75476 1792.5568 649.457 404.73026 1038.5942 1611.4021 436.0132 75.39558 203.264 1412.8574 412.31897 1573.4288 73.29803 967.17377 403.03085 765.1919 1039.1254 143.76447 367.98605 1335.5394 888.6988 470.01425 2058.278 610.14276 212.47856 1170.9241 1304.3345 1302.4412 1148.5676 1418.4052 1023.2484 1711.0123 555.8561 1109.2836 2034.1367 1334.8876 728.4423 548.76587 366.44138 409.42026 1605.1702 417.96988 931.92426 1598.1217 1166.2247 958.9489 1195.5101 682.5486 328.96918 1710.2189 1794.6515 1688.4705 1870.5698 331.1367 527.3801 1464.137 679.18384 828.4278 502.75882 379.98706 1152.6781 949.66693 1040.3027 793.07947 833.8442 1071.5936 208.9238
228.00885 2929.6584 7298.6943 6950.1025 4362.3496 6520.783 1321.6349 5522.6636 6342.141 5805.4844 4062.1765 4356.4 2099.4683 3329.7173 3494.61 4235.777 3321.5493 3365.9314 5166.394 5969.616 4344.8745 4572.971 4008.984 2688.7073 7280.7266 4436.7793 4986.3247 6824.7812 3690.7595 6106.6167 2383.7031 4913.197 4979.3423 8446.562 6196.2183 1616.8912 4030.2524 1379.7253 3360.102 5976.916 5905.312 4623.387 6528.311 1083.496 4842.466 5285.048 5579.7783 2908.4792 2017.6376 3415.258 1105.4324 1003.7913 6795.393 4656.678 4657.7656 4390.643 5000.478 7043.7246 6080.164 2098.2139 4525.8516 5080.8296 3281.6128 2480.894 2345.6248 4574.8677 5217.611 5986.351 103.73403 5819.19 3622.185 2654.7705 1437.2352 7558.185 4585.53
11354.923 9224.735 8035.5615 5689.1714 1200.2417 5364.7573 11924.381 4826.5386 9561.449 8435.641 12384.336 12999.83 5528.1523 6242.83 10801.982 9066.159 9236.54 5003.342 9864.675 5805.674 10316.623 143.7987 12778.621 4013.1108 10602.035 8807.837 12444.722 4481.147 2117.607 9709.1455 15040.652 6773.342 9979.749 11817.865 5524.1885 8134.888 2077.2576 13176.478 16232.143 5511.694 10580.339 2011.2312 7566.758 8742.072 3129.2446 6220.6895 9281.836 8117.3823 10838.1455 4925.762 8881.985 12038.493 5463.2866 2393.099 2135.4316 3188.3772 7987.3984 6896.3574 7532.958 12082.003 7510.3975 10260.359 11523.931 9844.272 6002.4355 1187.4402 6775.2124 12170.148 12012.846 3122.6157 14455.821 12004.577 9045.333 7686.288 8359.709
38945.875 31933.693 32568.232 21161.43 5212.3735 22265.129 44950.336 22097.137 32934.15 30384.76 46217.29 44344.734 23320.61 23229.621 46312.22 35034.402 31062.72 18862.654 31517.18 22237.824 33563.254 356.3683 49563.625 15184.836 37215.523 30293.967 44867.734 18488.174 6483.1025 37648.996 57925.062 22382.943 39933.23 48915.25 20392.521 33061.91 7615.361 50412.336 63096.14 19150.557 43005.61 8890.897 33696.4 34887.953 11405.624 20564.361 31409.617 32135.139 45815.97 22459.13 33963.727 51033.8 19595.715 10484.706 7265.879 11262.555 27900.773 30985.729 28074.178 44191.6 30370.691 40507.266 42247.84 35939.3 25278.613 4578.0205 29029.787 43172.176 38480.223 11983.891 64072.965 50858.258 31549.13 29845.96 29497.477
48171.484 41998.426 43675.21 13688.597 14965.083 22442.469 37447.125 5379.922 9142.041 39489.598 36040.117 30035.938 30371.688 39556.57 32593.646 23486.89 22740.578 33960.152 13134.4 27024.715 23089.209 20334.95 28208.754 24957.29 12385.647 16542.254 25698.363 24460.623 19486.314 10755.578 61043.586 4417.495 22419.502 18565.736 16411.732 45144.25 26586.783 49474.484 49218.73 25072.398 18439.168 24953.453 39278.67 41843.598 11656.755 4857.5146 13637.033 25111.18 48499.11 20506.557 36851.902 54807.453 12682.222 11427.736 26600.77 13120.136 11360.555 41713.184 35980.27 55539.297 39783.42 17031 37622.977 50119.23 28636.898 16306.142 6259.062 20715.334 44012.32 11781.179 48754.63 41029.438 38694.395 8649.859 15268.565
21364.463 33760.71 48180.094 30250.19 20994.863 38197.555 17720.578 17450.428 23428.062 39469.008 18783.797 16909.654 18308.621 29857.262 10308.221 9965.385 5221.517 26089.521 17985.709 35839.406 10570.796 20968.979 12335.781 10529.795 31375.568 11401.533 17644.186 36764.707 15384.228 19910.125 38550.95 17667.643 15277.861 32889.9 33139.703 25795.904 24060.404 31639.47 22717.326 37930.562 21920.965 23054.256 41509.418 21030.05 15971.493 15797.889 16471.316 2888.6848 35563.266 6349.0967 17912.758 28140.297 31474.938 20971.084 22724.676 15224.713 14318.119 46318.29 44029.26 35416.14 36055.742 18557.9 12822.316 28611.46 7574.7905 17275.887 16219.198 17599.596 23412.604 25727.14 22382.092 19171.582 12154.468 32496.875 10225.147
27121.709 41976.12 42307.36 33321.777 27154.105 36343.16 20424.713 20747.3 18342.986 42428.363 9483.913 1328.9192 30066.67 34865.184 9570.177 5979.8164 8924.436 35940.168 12674.936 41307.35 6572.481 29320.234 4244.9907 20628.578 28813.143 9047.19 3690.0564 36906.88 24374.645 15302.661 41538.21 17543.842 4885.9995 25765.611 34192.652 30804.824 29335.553 33940.03 18562.352 40414.19 13102.435 32975.414 53969.586 28377.021 23044.195 18646.8 12985.034 12002.688 35044.24 15367.077 26644.676 36386.875 30363.066 23103.432 30723.664 20667.363 11876.973 50316.09 44720.4 36367.355 37413.78 8633.862 10440.47 35664.566 16918.197 26771.076 14871.622 8225.132 25155.822 30414.59 18260.379 15948.125 22549.363 29377.61 11998.274
4739.909 7978.801 12479.46 8127.966 6082.825 10434.397 2975.5537 5444.3193 6409.7744 12037.206 1948.0358 2538.0918 5749.2715 8210.109 333.24146 2609.1826 1446.0132 6514.292 4482.697 11070.318 2381.1094 6550.5664 1475.7347 3934.5217 8646.171 3562.5066 3521.2385 10603.1455 6115.262 5805.018 8467.906 6291.5117 2948.6594 8183.631 9675.42 6120.6206 7001.696 7050.6665 3711.1948 10739.621 5894.4756 7166.9326 12603.479 5829.845 5226.093 5075.341 4763.592 1605.0524 8145.926 3637.8965 4092.9421 5766.403 8120.5854 6162.236 7780.444 5070.7925 4423.3784 12301.486 12552.469 7184.3643 9440.898 4620.9272 740.35016 7924.598 3336.5493 6051.4277 5270.2437 4236.755 4284.943 7037.404 2994.9844 2085.9094 3010.5298 7701.62 3614.2563
29132.04 20318.39 5161.12 25197.576 18981.135 12949.32 36641.562 25769.268 32595.213 3397.205 43054.184 47168.31 20496.521 15677.533 42088.348 40643.184 32669.605 13714.47 36977.71 10675.568 41322.414 16172.303 40875.516 25109.234 36583.465 32922.13 44871.03 12676.104 19315.15 34749.957 35945.406 30873.379 43758.805 40639.297 20614.541 22587.668 12211.126 30347.086 44827.805 9525.657 36771.996 10169.182 5986.31 29072.914 20635.752 30575.979 31905.285 29295.027 27200.793 30148.129 30540.502 39184.355 22482.525 21441.408 11970.148 21648.934 34957.703 7259.458 6424.846 29453.783 11332.678 38094.54 36918.668 21434.186 29123.467 16784.057 29026.01 39234.344 36590.42 18080.455 45408.656 47358.477 33544.723 32419.828 32712.89
41173.113 53068.28 52493.13 27706.658 22848.535 36184.914 34512.195 14428.411 7824.18 52615.867 27520.998 17766.906 33278.465 44265.99 24961.71 12025.802 18059.238 38382.28 3532.5032 37558.56 11286.938 28856.236 16762.922 26991.588 14496.376 8884.73 11284.304 38092.867 23893.797 3788.8665 61494.496 10503.471 8971.231 14461.975 29456.275 43761.605 35272.598 50981.94 36362.223 38833.312 1462.9152 33634.37 47518.875 38847.164 18840.518 11939.02 5556.069 23096.316 46660.312 19452.654 37227.426 47062.535 24991.79 24030.787 34485.703 19984.525 6742.5645 45741.484 43191.06 50297.168 43237.883 4667.916 24857.73 44678.496 23741.65 27515.395 8079.855 5148.6914 40683.195 24126.406 37378.938 33111.297 29490.047 17187.137 9274.651
43429.152 44157.96 53553.87 38501.59 22030.393 47699.53 32369.59 16871.42 27662.87 53386.05 34689.01 26025.746 27288.73 47017.78 22659.414 16044.551 13018.205 33867.85 18703.674 48486.984 16873.549 25436.4 28400.383 15321.314 42061.01 12024.584 27884.729 42452.37 19170.814 20135.336 59112.035 17809.127 21717.246 43566.81 44113.59 38625.445 31933.799 48844.13 49667.277 48033.85 25480.83 34603.145 65681.5 40244.49 13513.632 17135.83 16348.75 12445.483 58044.484 5503.824 34102.246 54892.7 34496.1 19359.156 34748.8 12127.811 15488.629 56194.05 54162.492 58389.996 55365.906 21875.977 30465.285 49848.38 14374.726 21731.637 18429.342 28649.809 42095.66 29506.688 45030.95 40046.312 24289.787 33442.086 11189.185
56434.25 50930.39 31168.305 10329.651 18935.314 8222.519 65860.51 28097.95 34114.8 33519.08 75081.016 64800.62 46560.574 40152.98 58322.332 51156.914 47199.754 35548.83 43636.258 11611.921 48612.74 22205.193 55258.836 35093.76 31066.357 41848.277 53755.297 9240.92 24981.148 39318.246 76065.42 29570.37 52995.863 39238.97 1948.0902 56423.55 25256.684 64766.19 87597.52 14528.177 45958.832 23778.3 33746.09 51220.414 22656.254 27347.947 43199.992 47608.63 59929.117 35552.195 49633.082 68226.055 8679.577 18301.896 25046.465 26007.16 37901.2 27742.678 28791.021 64848.82 41140.92 52020.84 62719.46 63099.023 42314.926 21987.908 30550.053 48310.523 60328.57 12322.238 82827.336 64595.492 55074.406 23992.793 40093.86
4003.3496 2601.485 9864.875 11721 8442.128 11793.182 6452.5757 10622.043 14379.751 8296.188 9969.365 12943.691 4210.1255 3492.3499 9009.79 10833.222 9469.065 4485.3525 13529.781 9405.027 10415.324 7617.472 10812.136 6210.243 15299.104 11616.685 12628.962 11116.409 7644.828 12775.581 1857.6906 11630.921 12193.624 16065.357 12738.82 2867.287 7116.2544 2845.8157 9644.09 9211.286 12609.118 6402.336 8402.188 3053.7915 9468.836 11861.432 12903.382 8541.386 974.79083 8592.05 4975.796 3863.9338 11341.777 9099.062 6161.691 7815.1885 10357.285 10596.761 9945.766 708.22235 3787.748 11616.849 9942.771 1284.5425 6420.2437 7619.12 12132.635 13543.716 4854.492 9397.573 10181.525 8994.758 5531.4204 13344.635 10189.456
47276.57 24471.627 9963.517 42320.195 33046.61 25579.172 52733.676 47707.7 58117.8 3599.3867 76144.62 67024.875 28257.242 18110.35 61146.445 60930.48 52344.906 17701.365 51487.758 23585.357 61338.582 26991.973 66639.63 34759.41 62219.133 54342.332 67499.02 20752.473 29884.773 55002.918 51136.926 48996.23 63949.824 72356.484 31459.672 38275.06 17933.43 42868.89 65734.4 18254.857 66392.59 17764.867 10452.128 41988.824 39285.43 47470.89 56730.156 46521.5 39207.254 44182.484 38844.76 54469.77 38989.89 31233.648 17870.725 38765.86 48233.87 16277.697 13309.565 40333.176 15466.486 55860.938 59301.49 33468.086 39805.125 31319.574 55469.406 67698.07 47199.906 33224.805 66399.79 58813.234 43191.574 47606.44 54431.12
61934.234 23041.936 26137.412 67508.695 42382.41 49014.633 72461.734 58179.758 89690.17 19656.533 99915.44 96871.664 37505.48 17599.115 77629.266 86398.84 69009.35 20892.938 74693.06 42550.543 76627.45 38234.984 90637.84 45074.562 91623.12 81663.93 96202.4 34927.594 35898.336 75399.59 53986.64 63787.652 80648.555 93833.664 50885.676 38684.477 26451.986 55042.426 86950.87 41692.99 88166.59 24167.295 26416.521 47002.383 52700.324 59353.7 74333.28 58166.13 42833.773 53790.06 53456.555 66927.195 59909.63 50363.125 24065.48 50445.49 66557.305 30694.65 27566.021 43320.246 9144.912 83139.76 76789.66 31674.08 52649.344 37712.547 67978.91 92415.766 56296.945 45929.445 96011.41 94892.99 57500.395 83409.4 69894.91
69631.836 78717.16 84005.55 38097.562 36267.12 52832.543 60082.97 20146.996 5963.3774 81792.26 49497.785 34689.58 64586.586 77691.125 46726.207 29345.375 32644.793 57912.01 9704.146 59247.523 25893.31 45879.965 37922.336 50252.914 17263.908 19363.37 24677.56 59476.785 41748.08 6665.284 95614.12 18415.512 24504.273 20574.955 42128.586 66586.21 55816.008 79957.06 60818.234 59680.297 8536.548 53929.855 90984.66 74032.24 30743.89 20061.918 14057.623 42726.016 77542.51 37803.824 55885.395 91878.55 32359.982 31040.336 53636.074 32105.234 14368.355 77482.53 67261.086 88433.93 74121.14 12928.141 46309.76 87483.58 45662.22 38843.53 13711.75 14815.403 79613.26 41003.9 64242.848 55620.152 55594.656 22837.498 19851.531
30858.37 15623.467 13244.272 29756.027 21891.99 25690.37 42009.066 32241.475 45399.27 8203.741 52399.82 49564.477 18712.494 11464.428 49298.42 41549.2 39471.973 11712.157 48261.742 20009.807 45416.293 19415.02 46179.586 25303.85 50412.33 37814.85 57321.07 22346.992 18303.943 48965.81 31279.393 40110.598 47187.33 53243.7 28454.203 25260.875 14316.471 32869.543 54138.438 18224.654 54416.953 11722.482 14821.016 26984.055 24667.09 35249.434 47106.543 37603.55 29311.258 31714.443 26458.74 34943.12 31651.594 24009.133 13857.768 27080.416 43539.39 16908.785 16583.434 24386.174 6547.8374 50284.72 43344.27 19282.719 29723.469 23518.568 41390.484 55442.457 33312.105 25696.115 53550.6 48061.473 35525.086 44224.01 38802.477
58227.105 78811.39 83336.92 39956.11 30826.812 52462.492 56019.215 11201.483 21987.299 79338.734 41771.688 33257.402 53037.695 60476.527 39269.15 19189.314 20225.41 51545.82 13450.28 54106.367 17527.803 33547.598 29499.639 30205.762 35501.402 9688.91 31207.53 50857.438 30239.227 13324.59 87572.98 11064.694 22236.885 44418.957 43701.754 59282.77 47955.348 81456.88 66803.984 52253.332 18925.871 47754.793 82988.164 59689.04 17809.607 10580.844 8959.304 26077.475 78193.18 17659.365 55879.297 73554.17 33180.03 26973.615 41133.883 22415.025 5640.6406 71822.99 68156.07 80015.93 79243.17 15258.257 42557.438 73480.79 31980.018 29794.459 9219.203 21885.703 57406.69 28792.771 56838.066 48386.984 45247.14 34714.895 6358.298
77526.76 70850.305 61107.758 8952.872 30011.543 27901.172 72851.734 23201.074 23275.951 64211.81 65575.32 65829.88 65079.336 71117.63 66417.664 49013.938 50241.74 57454.098 33952.406 33968.043 50962.527 32007.244 59190.344 45669.742 19571.467 40572.598 54617.414 30791.908 35645.035 31355.115 105283.62 19628.258 45660.883 31563.45 17052.309 71254.61 44380.035 93987.4 84461.484 36467.523 36631.42 42721.918 59652.055 81392.34 25491.818 24619.121 38373.74 53806.797 94440.11 46566.496 65360.625 90446.664 12422.055 21806.5 40154.457 32729.486 29609.32 52748.914 50029.26 89726.55 74637.125 41106.52 72863.766 78519.445 57037.7 28067.057 23970.816 43942.402 78327.33 18739.879 94235.01 78329.26 66013.91 6456.087 34070.867
81437.164 54703.566 22456.031 26109.734 32913.42 6473.246 89492.53 44519.754 61441.273 31335.146 98262.055 88252.1 57940.633 44430.258 84609.766 76086.75 63290.49 41744.67 70749.414 1674.8964 79295.6 28292.52 76180.88 48485.008 60382.9 68397.18 83395.91 6980.3584 34932.09 62951.547 86464.92 48346.184 70903.11 63676.22 17535.488 63632.67 30881.764 84716.42 92963.125 3238.464 74893.79 30972.502 27169.527 72120.81 36269.34 48827.79 56780.824 66662.48 76662.945 53353.754 65756.26 96929.92 28370.414 32979.023 27510.557 37871.543 57915.082 13643.673 15763.397 73720.484 45354.457 65332.523 94418.54 58493.508 56389.117 35470.586 57289.65 80044.27 76480.05 29035.768 97798.875 83844.78 76841.43 42222.867 62082.664
21364.51 33424.656 37075.62 30103.748 22041.312 31509.701 16549.959 18372.668 17043.197 36626.34 7495.3716 1926.7241 22117.2 31435.703 6433.423 4787.4297 6840.5684 26163.828 11108.63 34036.9 4143.3823 26511.064 2906.6494 20111.26 26492.033 7306.6235 4821.2896 35250.81 23459.012 11509.919 41051.688 16799.648 4495.4346 24753.453 30723.88 24729.572 28808.555 32871.09 16441.625 38272.688 12679.723 28179.81 46887.86 26048.168 19475.98 16636.244 10054.758 12012.1455 29940.088 13072.9 23323.303 27099.846 27276.418 24176.406 25682.793 17543.562 10337.089 40098.77 40489.48 33410.785 34788.727 8038.875 8162.6763 34804.332 14903.089 21540.15 12994.996 9195.25 22214.56 24536.582 14784.912 13160.506 16315.215 26839.068 10200.611
55829.13 43920.37 39430.113 14544.982 10638.196 27757.484 52990.86 8716.651 22709.889 43808.695 45058.082 38830.727 33925.617 41408.723 36850.812 33000.426 33948.043 34322.46 23166.018 26941.22 27887.426 15961.56 44699.46 26615.621 24665.412 26382.496 42530.777 24997.041 17101.436 24728.44 61750.688 10085.2 30019.49 34566.055 19160.242 41715.9 26579.918 60538.383 59657.94 30627.475 27834.822 22716.023 49162.17 43710.598 7673.1416 11000.922 21808.166 33218.51 64162.57 21127.428 40073.516 57466.69 12895.498 5257.9766 23423.31 10731.797 20721.135 44713.883 41487.66 60793.902 42137.15 31051.129 40883.547 54533.918 28019.088 11176.842 15634.77 33982.223 49892.367 7303.4297 53690.902 53238.484 41422.566 16047.292 23283.115
47226.285 23197.258 28905.588 62280.04 38913.62 45841.246 64907.453 60898.047 87156.28 19552.37 96544.86 82834.51 29228.02 14332.841 73394.48 66597.016 70739.76 15460.506 83239.18 41969.59 74338.34 33888.418 88592.9 42411.707 94315.086 65555.34 95752.73 35922.125 31992.877 69259.81 56516.27 61500.82 75284.266 90954.664 48635.984 33775.55 20337.049 55573.28 93991.664 40438.4 90528.87 19602.832 26262.998 43772.14 46375.54 64122.176 76179.27 56674.652 47675.58 45940.965 48756.992 63304.695 49660.83 48106.07 22647.18 44374.387 71188.016 37575.723 28468.94 45528.395 10291.033 87498.266 80587.04 29414.93 43030.105 37145.15 69687.95 78236.24 56615.484 48688.605 99611.08 84258.48 52697.16 65664.35 70614.305
2209.3782 3315.0222 4038.1072 2222.1187 1706.2716 2921.2026 1976.2904 1238.124 1591.3721 3853.3926 1101.8722 793.3544 2179.6338 2735.3726 760.1538 171.50443 285.182 2408.9312 1056.2181 3094.427 186.94534 1890.9116 703.7637 1357.0864 2261.3774 372.82538 810.0394 3133.9463 1607.3458 1026.3701 4032.1836 1176.8358 499.8292 2599.3032 3066.1965 2665.6365 2242.0154 3102.4233 2153.5537 3095.9192 1280.9724 2670.9028 3753.1912 2325.0488 1512.7504 1225.5027 749.5677 715.56946 3514.1443 946.7769 1974.6538 2978.3994 2478.8623 1783.9382 2669.1301 1320.8708 826.6101 3814.2437 4184.4233 3102.6487 3281.296 762.6409 1156.4974 2896.3374 1334.1633 1872.5344 1198.6842 1017.44336 2197.4382 1973.3676 1831.6641 1609.8728 1429.4945 2436.2808 522.5882
12226.2705 7688.601 12980.212 13744.541 6452.412 12525.067 16966.535 11271.324 19541.885 12426.845 19459.346 20763.877 5299.6406 5241.1035 16422.98 17750.29 13324.507 2135.6892 16076.045 11584.722 17954.389 5792.5303 17651.352 5742.8945 20476.4 16381.213 20089.42 10801.592 4628.18 16110.774 14908.016 15052.787 20068.229 23842.846 12750.2705 9034.197 2433.49 14828.783 20104.225 11823.67 19018.451 3622.7742 14163.866 9604.818 8358.147 12413.274 16818.611 11936.038 12107.925 10089.207 9738.435 17478.08 12320.581 9434.84 3409.7131 7288.322 14576.903 14272.256 11960.555 13486.742 7291.7896 19514.18 19717.627 9404.931 8482.084 6337.891 14041.416 18543.717 12777.049 11137.197 20623.299 19995.574 11565.636 19328.717 15201.635
40407.414 27738.91 11735.794 19674.732 16146.819 11073.982 47867.133 29405.68 40696.36 10344.745 54302.64 53666.39 25603.78 18357.87 41164.832 42891.7 36463.3 14425.076 37486.9 8492.032 38637.633 11139.057 46398.08 21500.596 36181.91 34564.83 51907.293 8436.9 17481.035 38936.277 43948.09 28974.389 43495.44 42271.656 16105.05 33281.652 11152.171 41234.9 57929.676 8538.286 43841.082 9510.893 11671.927 32167.586 20555.736 29389.553 40226.01 34462.156 39914.625 31170.99 31216.365 43271.254 21073.781 18362.3 10069.691 21706.135 35400.69 11226.406 10999.729 37994.938 18340.777 38873.86 50088.66 28998.686 27241.34 14375.534 31587.605 43176.008 41822.203 18102.701 61893.613 51019.35 33278.074 28668.412 35453.836
51241.176 34332.992 8930.499 19369.621 22835.553 7155.0605 56921.656 31989.814 38924.188 13361.243 66048.27 58815.04 32555.092 31914.555 56062.535 42835.938 43514.613 25404.201 44615.2 3713.198 44368.51 20663.74 51737.56 32585.246 36247.477 42000.938 53177.766 7694.551 24309.135 45171.816 51508.535 36122.516 50411.184 45583.164 16433.85 41429.625 19437.666 50198.777 58801.82 3573.907 51558.06 19588.1 12761.266 42094.59 24906.143 29743.318 45828.664 43028.02 46949.32 35288.477 40481.78 61115.406 19158.21 21572.459 16724.371 27952.633 38561.918 6349.275 7993.8916 45486.61 29902.559 43000.035 53727.207 38003.523 35700.938 22257.535 36042.22 52592.99 47883.99 17247.3 63292.848 58181.73 43717.44 28124.16 38822.21
29082.748 11441.995 18618.719 30384.922 22262.963 23229.244 34326.055 31003.52 48404.066 13026.986 45315.055 43712.555 13467.426 5519.802 43803.33 38519.434 37783.074 5571.4614 38686.727 23962.32 44474.535 16484.846 44485.73 21670.514 47831.71 39218.184 52681.777 22939.158 15197.137 40170.426 28134.863 32832.27 43802.625 49655.3 27563.299 19293.621 9742.012 28696.086 47980.156 19624.285 45608.29 10981.611 17485.479 20184.785 24557.533 35319.84 43976.023 29345.248 25647.635 28520.018 25817.717 35816.82 31878.19 24439.729 10087.916 24357.379 41819.312 24312.404 21499.85 23526.248 5990.858 40361.89 38894.66 17377.814 24565.465 19860.209 34580.188 44810.637 29721.824 24788.547 49219.086 44152.58 26182.355 44069.1 32920.055
8932.245 7245.632 5678.3096 708.59845 3061.6145 2731.4187 8842.508 2827.497 3304.4355 6089.5054 7765.0923 7365.1265 6296.6953 7425.066 7396.147 5642.4917 6316.876 6283.0044 4242.3174 3378.4592 5614.8745 3919.2822 7081.8916 5808.871 2493.73 5069.5054 6670.8223 3475.0625 4234.1416 3422.4966 11551.365 2457.5298 5307.841 3399.9817 1860.7915 8247.952 4922.7393 9857.647 10130.431 3531.6301 5014.315 4354.92 6412.9067 7996.8906 2907.0415 2920.697 4310.985 5934.7764 8893.457 4913.529 7424.9023 10460.288 940.0037 2651.3396 4683.5615 3552.8857 4323.051 4786.8145 4977.3994 9246.428 7809.942 4930.61 8750.833 8030.74 5712.344 3493.6387 3303.3948 5708.8965 8665.578 2139.4614 10830.671 8354.2 7899.8105 1163.1332 4292.936
460.42078 379.49112 1486.3029 1517.5325 945.7738 1367.704 853.5848 1223.5173 1924.8632 1175.1991 1373.4323 1705.4907 233.38994 457.54428 1169.4104 1362.6825 1131.1842 481.74323 1626.4308 1432.5828 1417.641 1000.7785 1333.0981 695.9911 2175.222 1472.2976 1806.8247 1227.075 759.4003 1690.5676 619.8248 1405.513 1535.2937 2311.3987 1503.9155 79.72027 754.0503 481.00525 1364.2823 1376.0521 1911.406 773.408 1525.155 198.78926 987.88196 1308.9554 1624.1827 871.2881 473.51303 940.6758 346.97403 699.42926 1525.9562 1185.7429 782.52075 1076.5157 1318.2701 1328.0967 1269.8969 414.9552 677.3892 1604.7876 1314.4336 293.4505 697.14685 1007.6322 1507.0328 1561.4329 578.9167 1429.4277 1337.5356 1094.9595 627.3754 1748.6007 1437.2218
19599.404 17185.654 14866.432 4110.9165 3480.3823 7373.136 20152.324 5526.2803 9076.307 15446.749 22570.678 19128.299 12443.405 14916.584 15303.27 13974.832 13830.185 10460.794 11037.108 7987.775 13519.868 4844.768 15460.212 9561.2 10757.871 11755.26 16179.144 6612.3213 6145.6187 10453.078 26900.75 6399.4575 15442.82 12969.536 5275.757 15770.779 7848.8057 24973.934 22910.89 7646.762 12927.975 8315.529 15983.127 19290.975 4037.04 6441.8794 10271.769 12212.013 24283.074 9399.264 15794.9 24713.877 3924.5708 1566.6633 6974.2837 4362.408 10392.345 13726.347 13177.049 22445.4 17216.713 13812.869 20505.012 17234.65 11837.817 3426.526 8478.78 15872.836 20396.898 947.0951 22341.254 20579.055 18056.178 6728.909 9407.819
16967.434 54821.652 98342.68 85534.41 56419.254 87463.06 8032.409 60056.637 78761.48 86900.69 40006.746 48117.098 38707.918 48535.492 26276.438 45628 30821.16 49086.29 57890.305 94059.71 46301.906 57712.996 38494.79 34642.312 104655.34 52078.973 57260.22 89841.625 48174.6 69219.93 53655.43 64439.723 53703.992 110512.45 90030.26 35091.113 59724.906 38990.082 35874.58 90920.92 71948.16 61499.656 97817.28 26440.227 55935.277 60004.99 65722.7 26667.516 43862.617 34809.69 18072.027 28598.027 77081.73 64676.207 59045.12 50116.266 58663.402 99781.91 102082.984 45071.105 60309.75 54899.55 29730.91 49655.934 25508.95 60964.36 58793.523 66547.38 17878.518 74599.555 39820.24 25211.69 6269.3013 86699.86 54677.527
45863.742 78273.45 99765.22 79693.97 56420.65 101429.79 26336.016 58898.18 58684.742 102728.375 7001.0083 18501.406 50131.625 73076.02 8315.103 24863.242 21420.844 65916.06 41291.12 101615.08 26784.982 68560.445 13437.481 41912.11 73478.77 32583.521 28080.328 84392.95 54257.547 45370.617 79761.07 55607.6 29765.857 70240.66 93378.805 57838.57 61195.645 57463.777 20720.002 99076.45 44951.992 78966.14 99624.85 51702.02 58000.055 50221.527 37294.35 23345.787 70713.05 38333.184 39427.582 59710.098 71175.98 59366.543 64593.574 52891.344 45433.22 107198.586 108493.38 65782.27 92645.8 42942.594 4202.1387 76142.805 31720.422 54884.902 55396.895 39539.22 39873.76 76401.89 18657.693 11393.948 31969.14 72016.63 38360.344
46462.766 53773.676 60207.51 32961.85 25693.395 49325.7 37117.426 14978.097 19163.842 60210.1 24746.488 20229.955 33105.684 43308.035 22107.623 8042.0967 12230.028 38846.582 9802.553 43590.746 8016.507 27890.889 19717.004 25803.902 29562.867 2055.4795 17744.84 44724.918 25904.492 14070.447 67200.68 15042.535 10772.732 31216.137 44422.33 39271.21 33920.777 60399.79 37381.273 44131.11 17319.469 35112.14 67300.23 44601.277 19266.404 14835.144 6707.5225 17097.293 57887.2 14097.58 35423.23 53035.586 35679.9 22398.883 41346.844 17710.568 7043.953 58879.375 57734.145 55413.293 48808.88 10492.721 27119.672 54604.367 23675.36 28130.191 12820.659 14379.855 45208.6 28460.701 36565.535 34858.34 31567.79 32703.406 1212.342
63675.547 61070.2 62315.746 22072.31 23304.293 37773.2 58827.816 5804.111 11724.73 56925.65 45048.09 37630.535 46490.926 55938.33 40492.1 26585.04 33661.113 47394.75 13697.756 41897.82 28419.559 26659.299 36410.043 36659.04 18067.922 20503.402 35919.223 38424.39 29823.959 13543.236 81927.08 3696.92 24980.922 23506.107 29761.129 60706.4 34047.38 67111.89 62571.152 43803.668 20402.37 36325.92 61440.7 52679.35 15765.206 4962.0576 14235.517 33797.4 78857.27 23257.426 56711.863 68992.31 18126.074 15914.815 39210.242 18415.756 14292.313 58972.53 51567.637 66099.766 57090.45 22469.043 43522.5 63411.637 40093.99 22823.822 6704.9414 28812.379 67630.25 18261.084 60966.33 52173.6 51181.383 15737.378 16402.494
589.01337 549.6224 674.4313 393.20032 117.19671 419.5969 577.46893 194.42307 456.13544 679.1919 634.4183 588.593 345.7841 495.4459 467.2795 356.50613 318.73425 348.7008 339.6505 524.57605 408.45282 189.87413 547.10236 169.46886 527.7397 310.91852 531.86945 405.99847 106.28161 402.2725 729.5272 241.58382 447.6402 587.6903 412.85138 495.19812 266.9651 651.86017 820.2132 468.37302 465.88297 303.33536 643.352 496.70758 64.51994 218.64304 302.51135 292.4428 739.5648 138.53197 474.3672 705.1867 323.35254 142.36774 257.35684 32.90272 318.21765 672.9214 599.1617 619.3765 552.6118 373.57745 472.169 652.55994 245.40642 131.00142 306.53384 526.0439 617.37976 238.5987 670.56604 591.1811 444.31357 390.09235 281.86465
11588.085 14300.831 17328.738 13154.863 9889.043 14462.941 8989.439 7441.7544 8337.173 18730.953 2994.8376 639.7873 11734.08 14296.283 3378.019 2164.1543 2934.233 12981.436 5299.6885 15450.1 2469.346 12690.024 1111.2465 9710.689 12418.784 4118.1895 2064.9448 14830.357 9721.926 5631.5474 17836.594 8424.07 2370.9182 12076.396 15901.809 12855.602 11531.574 15794.953 7914.814 17881.963 5358.2285 13563.88 20879.422 11618.771 8911.597 8212.039 5221.601 4587.55 16014.264 7076.933 10468.695 11759.657 14019.124 10675.23 14530.47 9173.673 5277.4795 19433.97 19445.992 15766.289 18238.736 4233.6313 4219.173 15184.689 8024.154 10739.703 6766.611 3959.937 10387.525 12252.087 6203.0366 5250.5444 7647.029 10423.374 4655.823
820.8738 1267.261 1761.6968 1249.7974 762.264 1418.9747 698.0471 685.09503 1003.0282 1587.9506 858.5744 740.3557 715.44696 1189.3837 533.8012 452.78876 310.1654 874.0191 822.4715 1499.5004 478.37463 689.0372 554.40826 322.88373 1386.9938 471.5557 863.9321 1340.288 616.5764 797.88434 1339.4756 706.4757 699.48804 1573.2816 1179.7135 962.36414 769.8051 1323.8668 1034.8154 1303.0724 838.5317 995.79987 1823.0214 795.554 556.85944 637.9556 644.7109 158.64616 1169.1149 152.40932 640.6764 1237.9487 1050.3295 657.9092 977.7377 450.79626 546.5626 1715.8093 1489.1847 1367.5413 1307.8966 740.235 560.11444 1159.086 206.61723 632.873 683.3728 907.51984 909.4624 949.3587 982.96405 728.3259 469.3259 1151.0526 452.64548
50532.516 57951.082 47112.82 18545.102 21403.523 34392.31 55445.32 4784.087 13685.184 59826.016 51472.08 39797.63 41961.473 49522.184 45301.953 29239.922 29928.35 42072.207 16719.729 40089.203 28268.117 25462.012 40877.133 32968.043 20611.725 22507.568 35702.793 33860.535 23331.828 15740.667 78057.95 4686.6475 29906.049 23877.836 22584.53 51125.93 34199.035 66153.78 66514.586 40512.926 22417.783 34149.34 57481.332 58030.145 13867.385 5848.9873 15505.702 31970.727 66660.06 24832.668 48677.504 61219.97 17569.062 13651.987 31190.11 18301.861 15447.076 46403.305 50603.977 65290.617 55094.293 23622.436 44439.12 55117.777 35285.9 21746.344 8509.353 26562.088 59788.96 16083.533 62465.656 59330.23 50049.05 11986.795 16684.865
47864.043 66800.375 73605.82 40013.945 22725.232 59630.33 49375.457 17126.746 35508.55 75716.53 43178.234 33359.57 39108.613 48445.59 30601.848 20091.613 18304.156 45642.312 23023.914 63393.035 20744.67 30419.71 33057.953 21716.266 45642.223 14962.581 40106.918 55736.043 20787.023 27626.291 86812.18 22143.545 24641.95 53826.98 52884.164 49714.33 40668.617 68294.8 61846.45 57943.63 32060.146 40310.047 69678.06 43662.043 14696.473 17529.533 19460.62 17472.62 65809.6 7525.75 42182.324 66209.78 36007.105 24121.135 34863.527 13155.237 16609.512 64262.727 65042.79 72227.336 60724.043 30198.188 40915.68 68258.77 20724.098 27317.67 21709.213 34660.09 53883.6 29834.44 56074.49 44932.438 34253.23 38871.668 13266.375
47575.273 45324.855 32330.377 14251.01 4639.3066 18380.857 55964.477 16925.348 31354.88 36455.05 59160.13 46624.734 33808.703 32426.883 42397.824 38157.934 38362.223 28782.676 30087.518 23112.973 38348.918 8887.27 50535.18 24249.002 38200.492 28917.082 50944.027 16748.3 13306.496 32161.658 63719.707 20352.53 38225.37 41312.035 16857.195 39914.7 17041.586 63239.207 68282.234 22096.154 39676.332 15418.461 34993.836 40470.906 10053.4795 17853.201 29431.176 33829.207 48595.73 23953.195 42446.51 59731.875 12265.156 3920.6555 16791.826 10510.578 25902.51 30569.719 32179.17 56745.38 39939.977 32731.865 47067.812 45351.473 27043.797 6284.926 25366.975 43295.84 50768.863 4386.898 56973.37 60356.53 42770.203 26272.842 29421.559
4551.271 4324.4185 5047.464 3191.4434 1284.4214 3908.571 4762.6694 1438.3561 3149.133 5526.4204 4568.995 3708.8372 3037.0234 3953.9133 3191.9504 2765.797 2507.2583 2696.7515 2940.0247 4336.7964 2748.6418 1580.3612 3977.3845 1242.5133 4193.3706 2379.5425 3955.483 3426.623 1233.5273 2829.8564 6972.3013 1726.1859 2998.592 5272.3105 3642.3538 3904.8367 2186.066 5852.696 6065.966 3998.7173 3896.5925 2581.8328 6107.796 4336.8535 642.29944 1596.9149 2503.137 2469.6575 5755.733 951.03204 3069.74 5625.314 2675.9084 1194.883 2408.2256 379.60422 2211.942 5515.574 5519.8193 5791.9175 4404.679 3335.5884 3653.0347 5111.3267 1737.8047 1262.6206 2091.6936 3280.5085 4214.913 2184.6318 6118.3076 4906.4897 3113.7205 3431.02 2087.1812
11566.476 18482.693 32751.938 25965.55 13833.653 29954.543 9585.33 17174.191 22756.33 31987.63 12112.61 15745.111 11270.181 16978.727 7540.579 9586.981 6476.789 15409.064 15082.173 30199.232 11156.779 16345.093 12140.635 7597.2563 28797.537 12122.413 16571.045 25469.238 13582.794 16830.975 24686.271 16712.193 14091.027 26271.156 27640.627 13929.599 16366.298 18160.36 15862.295 26006.797 21815.99 19696.727 33493.71 10823.463 13650.748 16108.337 14397.067 2381.9626 21035.303 6609.1 9060.692 15207.017 22432.352 16279.569 18529.832 11970.619 12988.591 34951.855 32178.496 19256.393 23616.855 17047.488 9035.154 17904.668 2780.5864 13330.756 15923.017 17844.328 11791.679 19750.135 15085.472 10677.965 4606.2397 25892.479 12470.7705
24994.754 28470.77 26033.385 10220.795 3696.3376 13808.204 25487.596 5213.5933 14082.552 21974.365 26910.076 24896.496 16510.3 21224.494 24354.68 16977.504 15243.767 15774.391 14898.419 16461.191 16678.408 7295.264 23497.555 12020.439 17539.902 12101.505 20093.49 13745.501 7639.1777 14977.84 38885.29 8104.4546 19576.049 23852.033 11403.101 24611.732 11194.479 31460.154 34079.17 17369.43 19848.957 12054.194 26629.562 24445.26 1812.4701 7395.4814 14591.791 16680.809 32848.137 9743.572 22186.398 36385.22 9259.553 2106.605 11706.015 2947.9905 11576.554 25782.484 20665.947 32807.61 21878.104 15781.757 23333.992 26169.027 14773.967 4172.9688 9426.411 19648.19 26186.25 5309.3296 34082.12 27431.246 22213.871 13861.011 11931.517
14317.173 23318.83 35405.11 25000.639 21778.45 29568.76 9059.487 19202.697 19076.438 33221.188 2790.237 5700.3345 17333.652 24507.621 1789.9408 7629.005 6183.6724 20161.928 13240.467 32987.805 7297.788 19184.545 3264.7993 13147.686 25231.324 11666.022 9453.104 28151.352 18924.611 14895.277 26721.865 16857.717 8854.137 27784.61 30660.324 18237.809 21591.691 23528.188 7750.623 27860.27 14426.167 22402.723 34079.652 17367.799 19118.54 17438.115 12491.019 7534.002 25789.943 11656.922 12954.373 17284.326 28419.486 21352.996 22080.9 15879.035 12495.677 38820.312 34514.46 27111.152 25536.855 12878.58 1418.5426 23132.816 10473.164 19298.936 17374.414 12934.989 14356.625 25548.008 7109.7144 5130.529 10473.306 25916.932 11479.705
32259.574 16795.572 63691.094 79773.06 62228.926 76809.99 50442.664 66756.29 97235.36 52502.734 75030.33 74777.8 32203.777 23849.697 65258.316 75227.97 61964.645 31128.785 86499.81 65568.055 81534.89 50989.27 72764.625 50970.51 106504.12 82463.125 89469 71737.7 53187.656 85505.836 13152.055 85521.26 82853.61 96511.35 81966.49 19209.832 47650.062 18925.395 66612.93 69474.86 100469.83 52654.13 66107.38 23666.736 63705.156 69201.125 79086.24 60175.324 8742.646 60267.184 33793.473 32645.852 80325.84 58322.77 50301.23 61790.727 78600.664 61707.336 68588.48 6364.555 31712.414 81019.74 60145.496 9832.813 51729.965 63423.477 76627.99 85794.734 31766.088 71328.266 76875.5 66801.836 47382.633 101228.76 78326.164
5026.417 16508.951 40668.25 41570.195 28489.373 37892.246 13867.648 30411.371 43473.297 33956.977 25638.03 32011.127 11942.321 16034.282 26459.44 32094.434 27972.309 18767.492 36941.08 39324.188 29104.719 26752.24 27628.686 17897.29 44599.16 33875.08 38727.605 38382.363 21857.404 34757.695 9213.565 35188.945 35076.254 46439.043 37522.613 8528.942 23778.055 3117.0337 21600.584 33896.836 43000.52 24136.363 34563.402 6721.615 26655.123 31634.271 35082.105 18383.945 6874.2725 24018.184 8536.852 4962.848 39679.914 29625.871 23633.193 26403.934 34983.617 38498.543 36934.91 7637.8735 21194.465 35817.113 21609.043 10592.248 18035.395 27852.4 37060.04 38782.645 5468.9995 36446.875 24529.557 20092.295 11056.353 46704.094 28244.51
46863.094 34727.48 52024.61 47724.457 18649.025 42456.523 50574.086 39282.99 60968.293 43201.152 65343.027 71958.21 19758.463 28009.041 57885.496 54469.67 43195.895 14863.367 50447.69 39398.14 54704.504 14918.908 63467.62 13515.031 61403.734 45625.35 67960.75 36256.05 6374.3486 56154.242 64833.234 39566.332 59058.19 69033.055 46376.305 32763.684 11922.136 61842.46 83518.375 44120.996 70063.836 15016.918 52644.03 36518.4 23453.855 36601.055 53424.055 38194.3 50619.562 23571.098 34544.164 58396.66 38282.445 23383.035 14340.488 19626.62 44372.008 47531.676 47066.875 55776.18 40913.797 55092.074 52089.164 39835.99 23721.719 15145.423 41540.01 61244.02 45372.836 31057.736 80624.13 65997.35 43512.914 50830.09 43271.324
5613.0605 10808.411 21511.61 25765.195 20726.541 26039.672 11368.106 24624.637 25421.43 23220.846 18650.105 21495.377 10449.322 12782.007 16785.133 19010.244 16891.783 14807.214 23874.646 25362.594 22141.607 19371.416 19948.654 14448.199 29664.35 22793.607 25913.547 23428.592 15671.933 23482.094 3235.8599 25573.637 23758.887 32081.016 24440.898 7520.492 16797.498 1507.6027 18218.48 26439.26 27830.338 16279.17 26439.148 6028.782 22004.668 22039.383 24793.1 17288.518 3323.347 15745.104 8840.578 3468.2383 25832.758 19482.498 17467.436 21289.18 22245.262 28690.98 22329.82 4133.0723 14742.317 25012.738 17359.283 7050.223 14366.275 19625.617 24400.81 26303.756 6502.7256 23950.906 16778.004 15110.972 11415.145 28876.262 20429.611
22106.566 70055.04 115005.195 109776.86 68119.586 95190.85 11355.025 74921.41 83806.125 101086.41 39389.04 61390.32 50499.836 61093.953 41247.113 61355.477 49403.395 72811.43 78121.03 103230.64 58405.195 78917.83 52887.055 52325.605 102123.336 61036.094 65470.29 95530.875 72141.85 79938.27 57123.57 74300.28 63181.215 115648.35 111779.57 40568.227 78253.85 33989.344 26208.342 113915.72 82492.29 80307.414 104740.516 33004.1 64318.297 82018.86 76862.625 36927.43 52048.566 56568.89 30458.582 26386.299 100960.57 75637.98 72458.66 69709.445 76506.5 111588.68 121129.25 54519.965 81030.5 75595.016 32297.27 55145.26 43726.445 75682.24 80084.836 80327.04 21434.215 92741.555 36955.586 23203.611 21852.297 107740.64 67804.14
33131.51 66083.6 79309.11 65729.65 52759.29 81026.38 18286.604 48759.293 53533.055 74237.28 12776.949 25685.334 43501.83 53342.805 17179.428 28030.562 27526.023 51593.367 42635.56 84193.19 34115.7 64176.992 19225.107 38935.58 62441.742 41504.895 35469.125 70684.14 47829.48 50683.926 56242.844 48839.242 31489.447 68921.945 80111.87 50372.77 61076.598 43951.13 5124.235 72708.51 42464.758 68000.79 93423.94 43587.832 50654.863 46217.438 45596.715 25730.541 48930.332 40997.94 35046.53 34377.023 62670.51 61313.984 55073.395 45195.8 45056.99 81174.56 88437.83 48491.598 73646.164 43743.055 12471.946 61371.113 36571.812 54686.984 55091.402 45639.43 30556.525 62521.87 1627.9917 7160.132 24873.307 74650.55 39307.805
701.3007 424.532 1141.4967 1330.6517 797.0767 1253.4353 1112.8534 1136.986 1646.65 844.06805 1615.5096 1595.3303 233.72552 206.65456 1299.5609 1288.8414 1284.2196 147.77638 1367.8998 1084.2648 1441.1011 714.3897 1387.2015 568.8216 1714.3856 1356.2346 1728.5586 1082.7897 558.9416 1365.025 1072.4543 1358.6757 1376.7302 1907.1678 1351.6599 401.22287 388.52036 896.6242 1760.9354 1047.7444 1657.6356 501.90298 987.8063 476.87708 776.26154 1187.084 1350.9397 843.17896 648.9633 907.0282 625.5751 1041.452 1139.376 994.5555 473.39493 755.0365 1206.9858 1158.3778 1178.7998 735.2707 477.61816 1418.6583 1307.3859 457.31396 688.187 747.8561 1233.6196 1484.02 823.8714 1019.3493 1540.7258 1508.0178 885.6284 1393.3564 1330.1182
13754.778 9463.409 4731.4634 9801.0205 5951.485 4987.4473 18376.625 11084.382 16452.996 4160.528 22034.188 19455.629 7887.7324 6526.61 15698.483 16820.38 16194.451 5164.9624 14799.323 4226.038 14572.466 5200.9956 17407.59 8818.826 14979.909 15485.542 19294.857 3843.7834 7016.0728 16397.385 17573.88 13162.728 17684.146 19123.412 7497.0425 9717.691 3843.442 15512.122 20171.535 3710.4878 17632 3361.0374 5255.608 13180.237 9290.795 10468.915 14635.04 13211.751 13932.774 10873.705 11483.701 17014.117 7848.9 7019.88 3144.626 8030.2637 15174.016 4922.938 4478.2656 14291.15 6878.343 17369.912 17740.594 11878.935 11096.008 5626.5327 13651.527 18654.3 14900.837 6968.628 20590.34 21175.998 15042.995 13871.085 12791.587
30538.592 51047.69 74112.14 53549.355 35157.645 62251.184 22375.666 34345.32 44364.617 79944.42 22046.885 25806.725 33133.85 42741.082 13196.568 21284.102 11887.305 39886.637 36269.254 72223.08 22232.396 43551.375 21590.46 21150.299 56334.64 23786.66 29996.326 66520.71 35725.64 38679.3 58765.77 36390.266 28409.943 60821.137 68830.625 36182.914 45143.9 47569.19 33126.58 62525.785 43794.406 47197.23 79436.766 30885.346 33998.66 37755.21 31930.885 4527.899 46358.734 17009.281 24489.398 41898.89 49967.188 39779.633 45440 29294.031 28445.03 72028.54 82314.875 53173.402 53524.992 35644.137 16813.65 52978.21 13197.625 33935.953 38370.008 38897.58 26410.34 50170.633 30583.424 20023.902 15183.383 53262.055 24282.115
13278.615 21372.768 57794.523 64183.84 46742.344 62034.59 18855.432 52760.617 59316.133 44185 44958.688 49862.7 23924.564 26859.11 34082.203 42383.18 42655.098 29946.027 49126.805 55881.652 49858.21 40673.684 38950.473 32696.266 69634.734 49781.36 50738.01 55106.62 40798.82 55803.22 8907.866 47256.66 51794.645 77106.06 54800.973 15491.482 39199.836 3826.2095 35241.547 55026.6 59257.676 36816.42 53995.125 16076.481 39631.504 55198.688 52490.453 36318.34 10690.13 35893.32 18978.697 5949.2314 54429.508 42040.207 38317.234 39341.45 49760.863 58430.473 60061.406 10724.237 35429.56 52905.48 34358.152 18164.475 29969.283 38539.45 50527.75 56292.207 12280.176 50594.19 35021.21 30191.236 20330.479 70002.11 45686.066
32836.207 32568.092 84082.29 100313.78 82888.56 92764.6 45213.832 100009.055 97941.6 71509.234 72317.14 82900.49 44481.707 42364.227 70624.3 93452.336 72561.45 49863.34 89071.914 92906.62 91259.89 67311.01 78042.08 61987.715 122618.68 93950.016 101608.08 82388.38 68985.94 92129.36 3982.0234 100927.14 101139.29 123083.41 93348.086 31504.46 61636.496 11463.768 66083.46 98886.555 97409.12 62215.086 94676.055 27806.58 72225.21 94039.49 88599.47 64391.41 12728.885 69390.555 36276.37 20304.543 108744.39 74267.57 63861.06 80254.69 98507.766 97905.99 80070.66 12935.768 52412.145 98567.63 78400.34 23378.098 55111.473 82379.055 89808.32 93823.234 30704.871 88186.516 77485.46 59978.195 44447.418 121435.914 78156.77
31447.076 56193.316 66077.984 55487.89 39166.28 62803.402 24543.26 36067.406 34843.734 66063.34 3401.0273 8214.308 42245.586 50263.02 9055.148 16406.586 16488.508 45666.8 24585.9 63442.64 16798.426 42283.04 5883.3037 33715.48 47362.46 20262.648 14957.277 51856.754 42211.117 29653.79 54638.016 33494.8 17474.209 40646.82 58744.188 38358.1 45016.24 49708.777 19182.998 65021.867 26001.498 44979.676 64140.094 38715.137 36280.457 33118.086 23636.451 20489.725 53702.98 28236.707 31469.344 44269.453 54451.42 38870.293 49842.137 36348.91 23573.078 63493.73 75328.75 55695.105 64732.934 22270.297 8775.644 50678.004 27452.5 37550.715 31623.41 18670.432 33926.082 47791.996 15213.287 13665.783 24611.746 46706.75 21745.03
70705.32 76794.414 74164.22 28050.814 31086.75 49120.17 73585.12 8694.114 15054.34 76619.69 63975.95 48279.26 63429.18 67635.96 53529.113 32837.332 40691.812 64454.406 18719.027 48429.133 34291.586 37643.312 51773.35 43107.316 27050.398 24771.197 47029.49 51709.562 38707.293 15736.814 98783.7 4177.049 34269.375 31626.281 39773.3 79672.664 51019.64 94526.234 76024.62 53406.848 25105.127 53558.875 80289.73 74065.67 20289.402 6898.2295 19638.72 48957.543 83118.03 31369.016 73459.3 91629.625 28106.078 25266.693 49944.1 26546.05 16663.2 69488.6 77481.22 99193.39 80733.71 26892.646 54585.01 75863.555 42899.164 29255.205 7233.063 32132.547 73870.79 27834.178 80045.3 70115.41 56691.56 17361.96 23993.732
76071.47 47351.91 16623.86 36367.03 26563.03 14283.459 76774.38 49604.992 64810.082 22042.576 91456.65 81278.58 49224.57 41943.96 85215.88 72567.84 74812.14 37891.844 66774.58 7193.7812 67413.87 26343.44 90266.79 49325.38 65709.22 59700.445 90192.21 9709.733 32377.77 69834.71 86081.01 47439.54 83049.59 67169.016 25333.666 53301.535 25531.64 76944.62 105493.14 5145.9883 69261.04 24634.041 19704.604 63755.414 38161.402 45251.387 69025.945 59386.344 77851.63 52430.387 57390.445 76599.82 28513.15 32478.824 24821.812 41922.11 56250.57 12311.302 14083.275 74335.35 39036.14 65914.65 88470.27 64492.54 52585.93 31358.373 60475.26 82286.58 73880.09 30705.143 113516.88 97607.96 63077.164 52664.62 61042.156
38959.44 21350.848 10425.086 26531.469 20846.238 16926.383 42861.91 29579.598 40463.76 7046.974 57156.973 51508.684 22752.736 14768.749 45406.465 39760.86 37967.055 14389.064 40187.773 16130.504 44092.28 15708.884 44772.67 25026.25 42343.824 41866.055 51680.473 14354.967 17612.34 41955.164 38882.332 33117.184 50564.008 50433.105 22500.562 28925.459 11369.274 36005.28 52175.938 12925.913 47110.047 9173.351 10366.17 32175.602 25227.375 34539.082 42490.863 32945.582 35414.387 33478.832 31194.508 45104.723 23346.758 21051.156 9662.446 24659.09 35297.37 11455.209 10522.687 35508.945 12208.057 49371.098 43487.527 28350.371 33229.543 17855.363 36516.152 43678.965 42401.535 21346.176 58039.164 47660.7 38548.098 40202.703 40782.473
4632.5845 11566.5205 19694.303 17529.896 12579.039 16596.021 864.0251 12723.03 14021.379 16379.578 6943.9404 9553.876 8625.025 12490.074 5308.367 8256.413 6018.1694 11666.78 13530.994 19580.99 7822.4624 11695.963 7338.716 7866.866 20007.627 8973.597 10122.025 18698.127 9685.353 14202.669 11358.828 13983.688 10502.281 17627.008 19288.621 7627.9707 12468.716 7684.989 4303.3706 19619.969 12919.284 14077.967 20210.615 7097.058 11040.457 13555.026 11151.283 4906.8696 8664.226 8158.711 4755.92 5938.496 16099.98 12873.255 11899.476 12129.56 10318.623 17839.361 21089.47 9204.744 12850.36 12420.3545 4838.867 11597.505 5571.7134 10896.09 12003.253 12827.739 4182.4155 13353.095 5650.772 3182.8542 3397.5576 16941.707 9784.124
2038.8629 3063.3916 3879.6487 2705.274 1847.11 2820.7913 1678.5018 1770.3184 1395.3668 3708.7358 505.9776 96.34415 2242.1533 2601.2317 703.6232 607.7203 775.90656 2794.6453 1203.849 2795.1135 637.02594 2020.2053 346.2837 1819.0874 1975.5188 816.2212 379.66946 3125.0725 1865.7278 1213.1411 3463.738 1718.0612 521.8038 1936.9841 2818.8665 2504.5457 2484.8 2782.0725 1469.5198 3403.969 1032.9089 2366.7239 3894.1362 2360.1333 1951.5037 1601.4441 1065.1995 1137.1339 2784.9092 1461.355 2068.5972 2660.1064 2440.6248 2110.592 2410.2131 1678.7783 1029.3319 3878.29 3746.827 3005.0747 3017.8503 767.0317 815.66034 2938.2063 1588.4027 2187.5125 1336.9341 729.3386 2021.2793 2014.6482 1046.9027 996.76953 1612.7986 2221.9958 1023.39575
725.149 673.32214 384.9857 190.04498 168.95274 152.31801 829.9692 358.63144 565.8348 428.2525 844.4394 854.05634 542.5492 550.6053 715.2393 658.685 653.9959 443.16196 529.01196 215.33875 677.8312 150.70457 698.4537 405.8477 509.0352 512.03876 746.59467 146.92386 282.1143 581.1133 946.1405 378.9763 671.23425 632.7118 171.12178 638.20605 243.30016 970.1039 972.9754 198.7114 592.9739 233.25056 476.90918 608.95874 265.47656 379.4858 555.89795 574.01294 835.35895 402.6366 610.0485 950.3197 161.27953 177.4302 222.40254 275.70715 512.43005 352.47058 386.78876 880.80334 497.9408 664.9536 779.62744 673.6373 571.5644 189.3099 439.50125 659.9816 828.827 102.27258 1065.7188 963.75726 694.62933 334.54584 455.59344
359.27005 1196.5383 2324.342 2033.7328 1606.5956 1931.2474 331.06863 1718.3433 2048.5981 2016.7971 1111.676 1258.9863 918.66736 1106.5903 972.1033 1262.2471 943.5988 1127.8385 1854.8794 1957.6953 1223.3146 1372.0736 1112.1659 980.6005 2507.806 1269.0175 1590.1816 1847.2505 1226.834 1674.4257 824.7575 1688.4918 1345.2906 2136.9827 2061.3296 719.2776 1437.2056 527.21136 684.0323 2095.748 1738.2124 1494.6049 2177.1326 606.5837 1589.3339 1504.319 1666.0853 963.3958 799.5916 989.1931 535.97314 370.7391 1921.0004 1550.535 1339.0576 1442.7184 1582.3367 2106.4084 2261.2778 791.24896 1424.3062 1599.5995 791.6861 966.351 905.6429 1656.3414 1872.5668 1820.7627 269.67398 1930.0839 882.7174 638.89185 523.83386 2312.73 1310.7163
85373.69 79203.92 64020 7769.9385 31897.068 33067.344 89853.7 23854.438 29489.871 76023.75 77580.375 70733.89 69271.93 67084.61 72640.555 52075.78 63009.24 64697.977 40795.848 40853.78 56324.56 31872.822 75385.61 53535.18 30343.86 48849.91 59872.2 32669.973 39801.973 35264.438 116923.45 23382.346 54024.344 40131.16 19110.77 78192.56 45251.16 95434.57 109728.445 42428.992 42880.777 44911.242 73105.51 78871.445 27599.059 25322.555 42426.1 58370.547 94050.086 45357.203 79439.56 108935.45 9028.46 21170.502 41822.574 32620.305 40548.195 53743.66 62263.754 99097.19 76338.33 43100.03 85624.04 96802.766 60868.26 33454.57 24801.309 53851.777 87902.68 17654.922 100709.766 86037.305 81633.06 10780.802 39376.434
602.7221 931.3384 1435.0295 1164.941 853.939 1200.4023 382.99036 934.82043 830.2652 1424.7964 223.16441 454.76694 744.66974 926.9398 319.53333 565.4239 441.98386 1050.4678 811.68195 1206.7932 526.57544 1034.5289 355.40414 807.4346 1071.7185 676.6869 578.64514 1129.8599 872.5202 755.5523 856.2121 860.69965 532.07086 978.2323 1320.0984 796.82697 1004.78485 853.0092 149.66943 1227.4884 795.3094 917.3306 1441.0024 758.17566 850.3 841.4917 745.99835 494.58838 916.8699 640.9714 684.5222 659.5357 990.4258 930.2419 1083.9341 831.11774 723.0304 1299.0823 1351.1648 834.04095 1062.0735 725.5618 286.1971 990.7245 634.50464 932.0589 777.09503 682.5996 642.7825 1083.7997 87.70599 202.95792 472.9757 1021.9218 704.63464
62529.887 24517.307 34723.94 71285.086 54704.727 57150.812 83359 75140.96 104307.77 24089.07 97250.52 99855.445 38785.062 20173.494 97817.055 101509.59 80786.44 27658.215 87800.2 54330.445 83277.99 44541.402 109558.57 52198.086 100003.07 85883.68 116192.23 49382.855 51678.902 87055.45 54392.29 77662.29 105975.27 102928.945 59519.195 42942.117 34626.047 60209.312 113631.92 47495.254 95572.414 36061.34 27948.62 49324.26 56966.113 83080.12 83729.82 71655.4 49907.93 68837.92 60771.527 79040.85 74433.87 62200.836 34577.07 61015.746 83861.76 42299.82 34988.355 46763.395 8878.233 109361.02 104642.48 37369.598 69234.21 47475.688 89284.4 114249.414 60012.98 60350.5 119004.88 90632.08 69224.43 91227.8 92291.1
21963.21 41073.863 62332.95 50778.527 33468.74 52007.14 9492.561 37180.266 40988.12 61612.973 13717.04 19220.992 31084.445 42531.812 7982.756 18472.598 13427.731 33630.566 29528.477 52001.848 19638.29 39565.28 14499.309 25228.182 56269.62 25164.336 27321.521 48180.383 31756.432 31175.312 36103.85 34354.926 21342.834 52036.066 50841.49 29842.266 40828.27 28735.146 13637.507 53014.402 31824.031 41960.24 60628.645 27640.863 34459.945 33156.824 29259.898 13799.95 36983.492 21858.205 19551.852 28354.148 44641.492 40567.59 40016.863 33007.465 26993.104 67224.98 58951.586 33099.117 47780.227 27365.201 5461.826 39708.31 16064.1 35555.016 34696.402 29255.76 20855.664 41019.64 12489.489 5404.96 12602.067 52942.797 23351.209
12882.593 31848.469 71850.96 82438.18 57788.855 93101.98 33263.574 75092.25 87754.77 70948.76 62879.996 66720.19 26757.977 34011.637 48737.52 73609.82 53855.926 42977.09 81886.336 92011.805 72931.375 52036.06 66952.69 41861.34 112237.625 70886.83 82519.195 81636.14 45340.68 82841.67 22211.45 80527.12 75084 102506.44 89248.7 13230.231 50984.758 10792.553 58173.113 81573.88 91148.89 49693.91 84997.6 10152.477 64818.797 69321.95 79868.28 46881.332 15862.288 53660.906 18732.082 16096.729 85633.484 68158.09 50701.656 53500.984 73610.08 82881.02 73594.42 17742.004 47832.957 85675.36 52148.082 19208.564 37881.453 53976.555 71719.43 82602.71 15347.311 70308.53 65230.027 54025.742 24773.295 102107.61 68105.695
35627.38 67246.05 116223 82959.7 64043.152 101057.875 20030.883 60489.09 64378.316 109062.9 18137.195 29945.658 47918.2 63673.203 8959.602 30082.111 22961.346 65452.734 52944.75 95555.12 29837.945 67596.58 18702.783 44256.707 79497.445 38564.293 41816.63 83324.87 51000.68 54278.938 75731.86 53862.086 38819.477 87376.36 88983.83 55104.582 64574.867 52053.758 25977.262 86680.38 62289.816 66888.586 103353.695 41070.496 58780.156 60299.21 50801.805 18361.336 59934.3 32159.955 34767.254 47045.668 81238.58 68187.05 71478.58 49042.55 52088.785 104534.03 107090.61 72815.54 90433.15 42210.58 7167.7036 63053.96 27742.408 54709.37 54919.6 53131.926 33714.42 69173.44 22325.428 10968.559 21477.69 79101.31 36120.977
33259.75 17032.658 7991.934 25852.883 21966.262 20608.162 37296.63 31236.312 43874.73 3334.7688 52849.81 44812.742 20207.041 13736.816 41889.566 44029.082 34629.33 13899.653 42542.42 15537.767 38250.25 18978.58 41582.934 22900.693 41271.64 34043.145 48907.062 15514.478 21777.125 36750.113 31814.678 34851.004 41076.957 42932.207 25988.23 22339.797 14636.016 29893.127 47943.855 15630.73 49101.34 14260.813 7690.58 29623.996 27893.822 35368.46 38276.867 31083.863 29526.55 28507.72 29104.363 33100.312 27534.445 24442.803 12585.297 26526.744 36108.926 11732.516 9416.1 29026.322 9107.353 38479.055 45895.465 19556.979 31345.117 18900.283 35652.793 49629.094 37839.68 21981.004 46990.605 49175.605 31802.555 32610.547 33711.055
19799.57 18068.139 54066.582 68992.945 49277.395 70498.49 33799.33 58862.875 80783.99 50035.254 67720.92 68928.31 21547.123 22107.816 52386.508 64362.035 54760.895 29773.525 76800.625 62763.98 68109.805 47651.195 60715.73 36364.695 90002.6 60179.688 68889.92 63228.39 40891.56 74109.22 9381.34 72908.46 68357.12 102474.12 65002.44 14466.786 37297.03 12118.188 54440.21 65687.63 77899.86 43930.73 58253.953 14549.665 55053.105 63383.387 73574 42445.246 1282.3802 49793.742 21541.38 19159.873 63749.5 52621.094 44488.883 54343.527 69439.28 59831.254 60328.21 1468.2379 28447.922 71329.086 48364.902 8766.9375 35821.094 48730.02 64688.87 69508.19 21512.316 66253.67 56362.742 47610.938 30045.172 72772.17 65739.02
11630.472 39833.043 75654.11 63995.633 46195.277 66495.086 3951.4255 46522.426 52241.812 60347.895 26402.71 34285.73 28779.174 40834.582 25899.12 35547.555 28743.277 38784.145 46885.316 64015.3 38993.008 43082.066 33442 26539.396 66033.445 41106.58 44249.03 69332.2 42381.36 48151.137 35856.613 46384.387 45595.332 75636.125 59538.316 25883.818 42336.55 20266.674 19716.703 71307.63 54467.39 43348.45 69474.42 20272.768 46123.656 44269.79 45402.15 23053.018 27930.936 31373.88 16353.057 16217.167 62710.004 53391.254 44100.465 43704.668 45269.46 78999.984 73605.4 33845.793 51220.426 43076.23 22371.408 30953.9 23445.775 45852.527 45238.203 49199.453 9257.596 50567.473 27005.082 16447.605 11481.869 67419.375 39784.895
51373.473 76930.1 80111.305 52888.414 51408.64 76609.91 41428.44 36055.594 39012.25 90070.58 15575.964 6253.148 50912.656 65819.664 12539.315 8800.446 12643.681 56613.926 24486.832 71527.7 8186.7393 54522.562 6057.771 41751.242 55641.832 14741.309 11192.831 67829.93 42634.688 27812.46 85370.5 37754.7 11242.607 50321.688 68717.85 57168.297 55452.723 68513.625 37562.49 70681.414 27804.234 55183.617 100780.72 48628.25 37492.734 31413.57 22598.064 22140.203 75317.85 30203.783 48480.734 61148.406 63536.434 43553.754 57516.42 36041.887 22002.26 92769.836 78867.664 67253.94 81850.17 18591.078 18597.44 67620.445 34192.297 50746.92 32549.396 18175.809 49050.035 53642.59 31927.709 29991.17 34871.047 52618.086 19498.988
13557.567 27453.635 75747.11 64649.26 40332.797 66672.34 27796.613 50382.68 79263.95 68857.484 55917.023 64520.055 11927.444 31848.81 38437.836 49373.074 44228.12 25281.941 59166.31 60853.22 46129.82 42552.15 51997.4 19398.357 90263.46 45870.598 60864.504 56423.203 32080.008 57847.555 35426.5 55698.72 59033.152 83935.81 64938.617 11295.398 37223.336 24439.043 45522.094 60073.883 69385.91 36947.17 76141.625 8507.175 40462.69 57756.152 63462.8 27020.201 29186.465 33800.87 4904.148 30633.822 59241.22 51099.37 40132.684 36156.97 55120.56 67164.016 65806.52 27161.045 38888.418 65567.22 39477.887 28633.223 19781.527 44036.023 56569.484 59582.96 18764.123 58768.44 54512.918 38048.668 16629.678 69456.28 45240.836
24799.713 31138.906 34511.188 22555.906 15831.116 29997.629 24611.574 7948.367 13175.053 34985.19 17259.15 14437.21 23405.686 27991.12 15670.252 7122.9614 7001.425 21557.238 8500.078 27461.088 7706.7446 16666.531 12593.732 11950.8 20608.65 4094.3875 15645.976 25640.371 14135.546 11039.415 41655.55 8307.743 10219.378 23402.4 26946.38 28679.998 22558.822 36451.176 28906.584 31001.582 12930.1 19516.398 42970.883 26878.572 10411.064 8455.329 7457.7393 10377.898 38446.727 5821.0923 19839.627 33379.938 19643.605 13815.896 23724.613 8580.157 5555.214 34376.48 36071.63 36416.215 34576.22 9630.375 17557.18 33879.11 12001.381 14618.828 8818.919 11827.946 24600.748 17651.621 23824.479 23421.951 18142.006 19122.146 2641.7646
12145.012 16344.884 19533.506 14332.971 10493.213 18326.873 11046.629 7318.3423 9461.022 22782.324 8166.2344 6759.7065 10866.434 17276.826 4768.9443 2535.9521 1545.2415 14982.802 6010.99 17062.857 2661.689 10312.191 4637.5674 6355.2397 12812.64 3209.1958 7411.2925 18364.506 9460.11 6856.7534 18637.34 7507.775 4809.7954 15744.277 16321.144 14640.664 13047.949 15087.571 12748.013 18817.363 7892.515 12445.6455 21042.658 13609.269 6714.122 6674.118 5210.182 2961.2532 18024.332 4162.53 11030.169 15734.579 12460.43 10476.367 14541.973 7381.0454 5016.874 22260.342 19477.336 16698.152 19418.898 6235.055 6455.164 17278.338 5496.2964 8828.441 7796.731 6669.726 11916.34 11348.155 10378.5625 9765.99 8879.822 13877.531 2930.3254
21002.723 24514.354 27015.408 19147.098 6764.5405 21903.363 19198.479 10769.267 20482.783 27013.482 24590.564 24248.652 13920.31 18370.225 19574.09 13723.903 13597.423 13776.642 17074.156 22245.514 15981.167 8019.2217 20626.023 5072.559 24461.43 13610.824 21846.96 18297.535 4547.2065 16743.178 28943.727 12795.037 18958.982 25941.566 20479.756 19364.111 12263.584 26102.09 27491.021 23139.184 20827.03 13236.8955 27423.42 18059.883 5410.9917 10808.191 14278.113 11169.422 24761.062 4051.022 15350.312 29343.451 18347.115 7610.249 12222.31 3982.426 12870.187 26547.518 28432.799 29143.742 25284.73 16043.894 17998.521 21773.234 9005.9 7182.054 13373.366 18706.201 23791.945 12846.15 26485.96 24624.387 16889.97 20178.021 11055.505
59876.207 42737.863 5715.08 41824.055 36152.086 23534.955 83513.81 59872.65 72107.13 6983.9805 83650.07 86750.64 44606.387 30695.709 70984.445 76399.51 78017.81 28179.967 79128.76 19069.947 82503.28 34479.4 85923.12 44929.17 74661.984 71184.7 79170.78 19714.324 38145.344 65435.723 70239.086 59887.543 81921.23 75615.87 34336.332 53377.316 27230.734 64217.617 91760.74 16689.951 77330.1 24802.893 7772.9907 57124.688 41668.66 59478.754 70282.52 58210.49 59884.26 53555.656 62473.723 67640.54 39513.543 43734.707 26592.926 47104.074 71712.02 10353.481 8115.5015 61281.582 27379.213 84945.81 78571.7 53320.016 56307.09 35541.27 66191.11 84184.734 69042.805 36262.2 88351.85 88167.164 65701.79 56573.79 65756.48
19402.19 20904.996 22824.254 12006.333 8155.435 15446.698 18204.984 3160.1128 6232.992 21320.143 12484.868 9593.579 15049.689 19235.215 10220.08 6355.2886 7049.9766 17313.213 3812.1892 18468.92 5662.502 10693.249 9076.767 9162.307 10690.511 2777.9587 8364.649 14133.574 9651.429 3636.6602 27252.375 3477.8633 5892.7344 10927.24 13024.686 17920.69 14230.08 23101.557 20140.492 16016.852 6652.185 12526.652 26030.17 17592.678 6410.2334 2785.0837 2316.226 8501.274 22329.26 6348.888 17067.033 22706.426 10923.031 7011.7866 13089.19 5753.1836 1304.1589 21192.553 23177.611 26039.652 22082.443 5392.7856 11625.878 22160.207 10582.813 8767.643 2457.4844 6627.9253 19069.977 10038.119 19575.19 15474.845 14770.696 9816.095 2285.2659
21800.182 13173.112 10424.963 17252.83 11408.5 13187.521 28948.906 19224.662 29175.621 10410.432 32669.291 34624.24 11502.595 8161.9536 26734.28 29338.023 24801.188 5367.002 26366.85 12410.166 25042.31 7665.532 28957.879 14479.447 27645.98 27143.94 33639.855 9847.771 9501.867 27088.074 25378.78 21174.664 30834.06 31505.86 15249.242 15259.956 3718.8774 26988.438 39498.184 10891.142 32696.773 3781.8884 11886.768 20005.406 14488.676 20773.86 26531.24 19732.195 21601.95 18683.627 20868.44 25544.676 16347.425 14760.652 3696.4343 12582.053 26226.908 12817.532 12766.645 21631.629 8725.264 26085.715 32561.559 16570.203 16926.996 9923.356 22468.477 33382.918 25951.578 14901.531 38272.49 29819.312 21583.64 26061.139 23088.412
55246.04 76101.19 114648.91 81228.72 63696.24 85701.266 35503.99 53307.125 52874.555 96987.016 3148.3472 17238.871 58544.703 80258.625 11255.713 22410.492 19754.408 78048.945 40473.055 90783.984 25839.717 73296.336 9261.58 47769.562 69249.78 32378.455 28532.504 97377.96 64662.926 47269.996 76012.85 54038.83 27108.855 80893.78 91469.28 69164.695 78778.24 71571.12 25712.926 92876.81 49594.207 73188.23 103398.19 63934.945 57236.34 50596.86 43721.145 26260.47 79070.2 43759.582 43373.88 59802.836 87514.43 63992.777 82460.18 56584.953 45048.855 108137.66 98489.06 74285.484 81374.34 38250.87 9686.927 80685.06 37451.527 66908.89 46728.598 37310.062 48488.92 66311.42 20231.863 17103.025 35577.16 73781.92 39546.38
4687.1436 9413.25 18382.666 20136.232 14984.406 22007.717 7946.473 17800.275 24999.607 17460.113 13622.886 18038.113 9253.9375 10548.546 13379.339 16260.932 15111.869 10814.068 21920.61 21941.998 17223.686 14789.846 16167.067 10706.026 27555.959 19214.492 20936.152 19291.053 15132.127 19766.035 4302.887 18464.617 17142.113 28735.838 24513.006 5887.3403 14871.321 1542.9088 12647.858 18700.209 22894.102 14758.93 21295.768 5269.9062 16237.685 20725.629 20033.49 11680.885 3985.0715 13122.842 6082.3613 1839.0707 22247.016 18736.809 13916.336 16742.652 20350.736 22702.994 21802.727 4288.041 12620.005 21271.262 14139.315 6788.5547 9821.0205 17134.463 18836.205 21283.463 4039.0618 18885.504 12696.247 12988.676 8664.22 25277.314 17426.35
41552.01 44629.957 37312.207 7704.199 12524.298 18360.486 39956.95 9214.866 14758.938 36085.027 43693.92 35260.13 28653.34 39547.684 35543.008 24419.264 25156.191 29837.455 18377.463 21488.191 25796.975 13474.834 32834.25 24860.521 17062.89 20968.736 31423.594 20286.395 17222.258 20089.098 61562.336 10722.32 24860.553 21876.934 12731.727 39917.016 21175.861 54005.836 55779.586 19858.031 22726.137 20734.3 36104.67 41622.31 10288.728 10002.566 18880.162 25830.207 51253.58 22013.422 40335.42 54372.93 6208.668 7130.695 22360.826 11520.435 15786.116 30028.543 32672.166 54404.918 39931.94 24430.9 41588.457 43183.74 27508.629 13524.723 12532.783 28257.828 48678.137 5927.247 48141.97 44933.055 34795.08 10491.002 21607.25
59845.67 83258.43 97319.555 55504.773 48710.793 79178.49 44103.33 30157.982 29861.854 90633.72 26531.709 12336.652 52653.562 69178.94 26032.84 8376.286 18323.463 64981.156 16513.44 83337.945 8865.635 55776.14 14120.838 39712.582 43939.094 12266.16 6915.898 77663.7 49868.285 20545.773 89661.39 27914.977 1993.032 46925.883 63943.9 69973.29 59229.812 69233.89 44977.883 76290.26 17267.39 66559.91 85723.22 64908.81 38252.53 32371.145 13992.811 29328.828 86407.36 33195.62 47884.145 68696.72 54807.047 44041.617 67499.81 40549.066 18149.986 88777.234 84461.19 86010.414 79421.65 10008.236 27392.64 81544.07 41071.38 51604.117 25857.852 10092.9 54149.797 45668.05 43087.586 37759.234 45429.188 49555.016 17471.59
59629.4 48044.152 39241.19 2170.5056 20700.365 19002.068 63243.824 16764.613 22154.805 45252.324 56952.945 51811.32 48510.832 41833.043 54066.8 38961.707 37377.926 37498.508 29923.365 22689.398 39134.367 21637.455 44966.02 34475.016 20712.928 31152.262 47873.363 20551.756 29931.799 25866.322 70909.29 17383.238 40902.96 24261.555 8682.939 48007.137 30679.527 62502.434 75470.75 23653.42 36452.523 31340.875 43838.457 51745.848 23323.834 21227.11 28371.688 41055.87 62199.516 29095.748 53443.15 62500.004 4380.971 15034.037 31585.723 20549.514 27604.623 35813.535 34238.113 60989.816 48519.637 38224.91 49834.402 61730.16 37209.258 21685.172 23712.838 38193.953 64054.547 13176.25 72352.82 54065.688 55488.375 9409.788 33505.562
24065.518 41564.215 54619.062 43779.188 26312.762 50650.008 16994.586 30930.16 40876.965 54996.723 23387.14 24019.662 22071.09 40337.85 14086.294 18138.299 10456.557 33719.78 26745.797 51937.035 18712.898 33125.83 18125.645 15510.784 54655.273 18473.477 26380.602 50014.156 22479.191 33385.21 46750.76 31429.26 22488.293 54387.8 53337.047 26300.268 33574.52 36852.98 29632.717 52046.535 34513.184 33099.414 57395.2 22213.193 23721.049 31302.021 26275.688 2803.969 41092.617 11445.419 19304.19 31913.488 48821.453 31569.521 32039.607 23208.484 23605.975 58750.31 58667.08 42963.44 45162.86 27406.121 16574.42 38574.562 6819.9097 27149.19 30813.662 34273.746 21505.78 40194.34 26146.715 17924.791 12168.931 48264.42 19166.732
40246.836 16187.178 21344.26 40237.773 26872.773 31382.068 54450.844 40699.094 61877.67 14197.293 65117.863 74149.47 20639.201 11042.992 57614.977 57235.816 51225.01 11408.106 60286.984 29352.887 55221.117 22965.168 58609.67 31101.637 65821.75 53654.777 70852.13 26559.848 23263.137 54759.62 44799.168 53475 67175.25 75304.35 42259.734 29921.504 16243.822 40056.715 69725.18 25695.217 68838.734 14792.271 23425.764 34858.082 34066.145 51256.31 62208.24 40618.605 36314.133 38501.645 35311.156 47185.895 44598.098 37034.16 15935.57 32217.918 52220.96 28981.244 23520.807 33250.406 8151.94 56326.168 57922.305 25116.674 35499.05 27909.104 56713.73 70581.49 42458.242 36889.758 68733.055 57599.965 38170.78 55516.344 51700.516
19525.512 15557.08 30716.156 31654.734 15067.458 24929.453 25372.45 20822.537 32701.559 22752.252 32613.49 36049.402 5627.707 11259.498 28444.09 29088.232 20931.941 6979.309 32578.982 27867.762 24665.484 11928.658 29466.14 6697.821 41215.395 27394.604 38515.418 25849.055 8640.142 29853.854 26117.574 25509.691 31589.645 48830.06 25897.137 11709.276 7925.9673 22212.732 33641.71 25617.979 32304.68 10647.718 28995.95 14447.467 17454.78 24070.06 32043.254 16620.64 22289.49 15685.164 14893.343 26193.887 24665.783 19649.135 10212.357 13777.79 28990.205 29108.17 28511.396 22395.49 17365.34 33095.816 27988.174 17130.812 12958.801 14334.253 27343.443 39168.633 22683.99 21385.748 35352.973 34337.473 16799.348 34589.055 25705.365
49514.793 50975.91 44256.688 14194.978 21386.557 30524.871 53800.883 12767.69 9628.097 53108.24 45390.727 34248.277 43083.15 49585.137 42457.668 28667.877 35073.71 44566.07 17907.875 29998.28 29586.535 29798.85 40866.67 30832.818 7610.6772 21860.049 32175.014 27746.428 28502.29 14101.901 66450.23 11727.545 25727.062 13424.325 20742.402 49396.09 36458.92 57244.414 64045.566 28693.229 17629.24 30565.709 52855.137 52119.86 19388.729 14238.699 18812.557 33442.535 62928.246 30000.193 47099.023 66969.28 14237.152 20194.455 32609.357 23317.186 19653.723 41923.05 43884.637 59765.617 46388.74 24050.086 45584.562 61402.45 37555.688 24834.266 14128.039 24984.674 54632.875 19823.275 58738.375 52622.848 49249.06 3345.8713 24181.223
100393.6 108673.28 103960.805 38848.4 62126.56 61418.258 93563.49 36122.145 16255.876 103055.82 76684 60065.234 77996.125 92827.15 76418.7 52385.895 53367.332 78126.95 26810.96 76723.54 45320.156 69253.195 56896.223 72810.63 10462.646 48026.92 50629.66 70370.266 67995.266 26213.764 116434.98 29351.473 44651.85 3923.34 51593.58 95356.22 80130.37 119125.64 108235.12 71428.57 29395.312 76589.18 101545.75 97749.914 52148.953 37136.336 36405.48 65894.58 104560.63 58542.62 97083.05 126294.28 42629.047 51867.594 68528.15 50727.86 38669.66 98991.43 82541.67 108595.78 98047.58 34506.715 71607.05 112635.47 63899.043 57192.28 32716.861 38902.793 112207.266 55612.78 83275.76 86469.33 90590.64 23899.148 40155.883
20828.436 18000.21 24405.752 26800.895 13836.903 23002.87 26594.684 24416.86 34060.87 23426.006 39067.457 35754.168 6171.6265 10916.018 27937.465 28114.557 22502.006 7000.2017 28370.781 27562.049 29716.498 12090.248 34076.03 6538.564 36058.66 24636.256 36119.574 22640.658 7011.5474 29724.389 30596.69 23728.572 28176.402 42675.113 27893.32 13659.773 8398.898 23070.371 35149.36 25868.113 32455.084 9549.913 31254.15 15160.696 16156.113 22630.67 29607.756 20128.242 24662.908 14887.4795 15727.782 26082.703 26013.5 16018.049 10101.327 14009.568 24880.223 31723.805 26854.352 22640.146 17243.09 32813.84 31331.668 18575.912 12922.893 11056.422 24879.594 34126.305 24305.871 21950.115 42192.05 31836.713 18999.69 29142.709 23851.244
