50 75
14 1 2 41 45 5 37 38 24 22 33 34 43 28 3 47 25 18 46 39 4 35 40 19 12 26 31 30 48 10 44 42 27 8 0 29 32 7 9 20 36 13 16 23 15 6 49 21 17 11
30 41 11 45 42 12 28 22 43 13 36 37 15 3 1 0 48 47 40 26 38 2 21 18 6 8 39 20 35 44 23 46 27 33 32 14 31 9 16 24 49 5 17 19 7 4 10 25 34 29
42 28 15 12 49 33 48 13 43 40 46 30 8 19 10 47 6 26 44 32 38 2 5 3 41 29 34 31 1 9 11 16 45 14 36 0 22 35 27 4 23 7 20 17 18 24 37 39 25 21
1 41 11 24 33 6 26 37 35 27 29 34 46 20 42 19 4 36 23 28 30 31 45 44 9 13 2 17 3 14 15 39 10 43 47 49 25 18 5 12 32 48 40 8 38 7 16 0 21 22
48 27 5 35 42 40 41 17 46 9 7 6 44 1 18 10 36 30 14 24 29 22 16 13 25 3 45 12 15 28 47 39 49 19 11 31 0 32 26 8 38 37 20 43 2 4 33 23 21 34
42 0 32 23 28 20 16 2 25 13 19 24 22 7 14 30 46 44 9 1 36 29 37 17 48 39 18 47 26 40 12 38 45 4 11 41 34 3 31 10 8 15 5 49 6 35 43 27 21 33
33 36 42 11 5 3 7 21 16 43 39 25 4 34 40 15 9 45 10 49 44 14 27 37 28 23 12 17 24 6 48 29 1 32 46 31 35 13 20 26 22 41 38 19 18 47 8 30 2 0
37 14 10 22 2 17 4 40 0 43 19 11 29 3 47 35 42 36 39 41 18 6 21 20 15 16 32 38 8 44 27 33 12 31 1 46 24 48 25 34 45 23 28 5 30 9 7 13 26 49
18 46 35 4 23 28 33 41 13 37 22 0 11 14 6 38 17 34 7 32 39 8 44 1 48 21 42 43 24 16 10 27 3 5 36 31 49 12 45 25 2 20 26 29 40 19 47 15 30 9
24 46 44 45 5 1 11 19 34 47 3 23 36 10 33 20 35 29 28 48 13 16 6 49 25 43 40 22 37 12 18 30 27 0 15 41 8 7 9 21 39 31 38 4 26 17 14 2 42 32
38 25 12 13 22 49 46 29 2 16 4 7 26 17 41 6 11 5 19 0 21 30 27 35 48 40 45 47 1 34 31 10 14 8 15 37 23 18 28 32 9 39 20 33 42 24 36 3 43 44
33 23 0 49 29 18 40 32 15 31 28 34 3 43 12 2 45 42 17 1 10 16 9 44 25 47 36 7 5 4 38 39 26 20 21 30 11 35 13 24 22 6 19 41 48 8 14 46 37 27
14 47 33 3 29 2 41 15 32 7 39 18 16 5 45 23 10 9 43 4 30 8 19 6 17 20 48 37 49 27 28 31 21 1 35 11 40 13 36 0 26 12 22 24 44 46 42 25 38 34
7 20 46 14 32 17 42 41 3 40 43 1 15 38 4 18 21 33 10 25 9 37 19 47 35 5 45 49 24 13 31 22 11 26 28 27 16 12 8 2 23 30 34 6 36 48 0 29 39 44
31 15 13 6 38 29 18 25 44 11 45 41 24 43 21 30 10 39 34 49 35 36 33 14 2 22 48 7 19 46 4 40 5 32 37 23 26 16 8 17 12 28 9 47 0 20 1 27 42 3
6 1 39 14 30 12 0 40 44 27 48 42 38 25 43 20 4 3 13 17 34 32 16 21 24 26 9 22 23 28 10 35 41 49 11 19 31 45 29 36 18 7 33 37 46 8 5 2 47 15
26 36 48 49 1 47 23 13 7 21 31 19 32 40 20 4 5 30 34 42 37 43 3 22 16 44 14 0 29 17 41 25 11 15 9 45 8 46 27 10 18 24 2 28 38 33 39 35 6 12
26 41 44 9 47 39 3 42 48 4 12 30 36 22 15 32 1 46 20 13 29 43 14 6 17 21 2 23 45 25 11 33 34 37 19 5 31 40 10 0 35 18 49 27 8 24 16 28 7 38
31 34 2 40 13 44 22 35 6 21 41 0 3 27 1 37 45 15 10 48 43 5 32 4 47 36 17 46 39 26 11 33 30 14 9 24 25 38 42 20 12 16 19 8 18 28 49 29 7 23
35 6 16 29 1 19 32 25 3 36 12 24 43 0 9 49 33 8 15 23 41 14 39 7 34 4 42 37 28 47 46 20 40 31 38 5 22 27 30 26 44 10 48 2 13 21 11 45 18 17
6 3 28 19 47 40 22 44 27 9 34 25 16 11 15 13 36 20 12 33 1 48 14 46 37 8 30 7 4 21 42 35 17 39 41 5 32 2 31 0 24 49 45 18 23 29 43 26 10 38
3 47 38 0 29 43 21 24 12 18 23 30 31 25 48 14 5 35 9 22 15 34 6 2 19 44 1 13 4 26 8 10 11 36 46 39 41 33 49 42 17 32 27 20 45 37 7 40 16 28
0 27 40 44 14 2 23 49 6 37 30 43 34 29 28 42 12 4 25 15 5 24 41 7 47 13 20 18 38 31 21 19 8 35 33 1 26 11 17 45 10 48 36 46 22 9 39 3 16 32
19 38 31 15 37 30 43 49 24 39 32 1 35 26 4 16 11 44 6 29 27 48 45 13 18 9 3 34 42 23 46 20 21 14 2 40 0 28 41 36 5 17 25 22 8 12 33 10 47 7
22 42 17 5 41 36 6 31 1 23 14 46 2 34 18 48 49 0 10 33 47 28 27 24 3 13 8 9 21 45 37 7 43 39 26 19 15 25 35 44 4 12 40 32 20 38 16 30 29 11
6 38 10 15 1 19 18 5 29 14 46 11 28 13 33 45 8 31 7 35 9 12 47 43 27 37 3 20 49 26 32 40 17 4 39 0 22 34 30 2 42 44 24 36 48 25 41 23 21 16
24 39 20 47 7 36 11 25 40 13 19 10 42 26 23 2 6 21 48 28 27 38 5 12 0 30 22 9 16 34 1 46 32 4 44 18 29 8 41 17 14 31 37 45 15 35 49 43 33 3
31 32 41 39 37 8 38 22 9 48 24 16 19 35 40 27 7 2 34 25 42 6 18 11 14 49 5 15 45 28 43 10 17 36 21 1 4 47 33 12 3 26 29 13 46 0 44 30 23 20
18 24 31 7 47 36 2 49 3 5 11 6 42 28 48 43 27 38 0 4 30 12 22 35 14 25 16 8 40 26 29 21 39 23 45 32 17 34 20 10 37 41 9 19 44 15 1 13 33 46
1 35 16 25 12 20 30 14 36 17 4 31 11 46 37 8 45 40 15 9 18 29 27 28 44 3 48 32 7 42 10 23 39 33 24 47 34 2 21 6 0 19 49 5 41 43 38 26 13 22
16 37 35 48 30 3 36 14 17 31 38 39 18 24 46 25 7 10 41 22 32 5 0 40 33 1 49 23 47 13 21 15 43 28 8 2 9 45 34 11 19 27 12 44 29 26 20 42 4 6
26 5 37 8 0 28 34 46 39 7 20 25 18 35 1 32 41 30 12 29 40 19 27 10 31 36 24 44 48 9 42 21 45 22 49 4 16 14 13 2 17 6 3 43 47 33 38 23 15 11
0 38 6 26 46 43 45 14 24 11 17 4 19 33 37 49 7 3 5 40 13 15 47 16 10 9 22 34 20 42 27 21 48 28 31 41 25 39 36 8 18 12 32 29 44 35 23 30 1 2
8 2 20 12 32 47 29 40 22 16 4 46 35 15 28 37 45 11 49 43 44 23 27 3 36 13 19 25 7 41 26 38 18 34 5 6 14 42 17 21 10 30 31 9 0 39 24 1 48 33
47 4 43 38 29 9 45 6 20 40 23 21 39 10 46 16 30 25 1 41 15 35 44 2 34 5 32 0 24 12 36 19 13 37 42 27 33 22 7 49 8 11 31 28 17 18 48 3 26 14
12 6 24 0 42 25 38 22 47 19 5 48 13 14 43 33 40 11 21 8 23 34 9 35 49 45 27 18 30 17 44 29 39 46 4 32 10 41 26 37 2 7 28 15 36 16 1 20 3 31
26 48 1 40 11 17 49 32 31 18 37 29 23 16 3 33 2 5 47 20 4 41 45 9 14 0 21 28 8 39 30 36 7 25 15 38 43 10 42 19 24 46 12 34 27 44 6 22 13 35
21 38 15 48 11 24 5 32 41 35 3 1 4 20 18 7 40 14 49 43 13 16 19 30 12 39 45 25 10 9 22 27 17 23 33 26 2 34 37 28 29 0 6 8 47 46 44 36 42 31
9 3 43 46 40 15 49 10 19 0 34 13 23 33 12 48 6 16 5 24 26 17 32 45 21 41 35 18 7 27 8 36 39 42 1 31 25 28 11 4 2 47 30 29 22 44 37 20 14 38
37 38 31 12 44 0 16 24 6 32 22 41 34 17 43 14 1 19 7 28 13 18 40 21 11 4 36 25 26 29 30 3 10 8 23 45 33 2 42 27 9 5 15 48 47 46 20 49 39 35
15 37 29 25 40 26 42 33 5 24 32 10 20 39 19 45 48 28 13 4 7 34 38 2 8 36 17 9 35 31 43 16 22 49 27 41 11 47 14 23 46 1 3 6 44 12 30 21 0 18
41 19 28 29 13 14 21 35 38 0 6 43 30 1 47 20 22 11 37 48 4 39 8 27 10 49 23 7 18 9 40 34 26 36 17 3 42 31 2 33 5 12 15 24 44 46 45 32 16 25
25 30 5 19 23 37 20 28 3 15 41 39 26 27 31 42 21 32 40 7 17 4 9 2 35 44 47 13 8 10 34 18 48 11 1 14 43 45 16 49 0 12 46 33 22 36 38 24 6 29
10 11 27 44 30 13 20 40 38 31 48 2 34 6 29 25 24 7 47 3 46 45 36 23 14 49 17 12 26 9 15 32 28 18 22 5 16 1 21 43 35 37 39 41 0 8 19 33 4 42
40 49 24 8 47 7 38 33 5 48 18 10 1 23 19 9 13 37 21 14 27 26 31 41 45 6 34 42 35 43 39 17 46 44 25 22 4 0 20 12 32 29 11 28 30 15 16 3 36 2
14 38 22 18 32 39 33 45 44 34 6 25 46 4 43 24 17 12 13 19 42 9 36 16 40 2 26 5 20 3 0 10 41 8 47 49 15 28 48 21 35 29 11 23 37 1 7 27 30 31
42 13 1 14 36 5 21 11 6 33 18 28 4 17 27 23 12 29 40 26 44 0 7 37 22 45 48 41 30 49 10 2 43 24 20 3 47 25 34 31 8 38 19 35 16 39 15 32 9 46
33 7 25 0 28 8 27 23 2 31 3 17 34 13 45 48 20 38 10 44 49 6 37 46 40 42 47 22 1 35 32 41 11 16 43 15 19 29 14 18 4 21 36 30 39 12 9 24 26 5
18 49 15 9 3 16 37 25 10 44 29 48 2 32 4 43 28 30 19 39 6 35 24 21 12 26 7 41 46 31 1 8 45 14 47 38 36 22 5 23 42 27 0 13 11 17 33 40 34 20
21 44 41 25 4 13 42 30 0 36 29 43 27 48 12 47 7 37 32 34 38 18 20 22 10 49 19 9 8 3 11 39 33 2 5 15 26 1 24 23 17 14 40 46 6 31 45 28 16 35
29 10 35 18 34 6 31 46 37 40 41 30 21 32 7 33 20 45 15 25 8 13 24 9 28 11 39 4 23 5 17 14 47 48 3 49 38 42 44 26 36 27 16 19 0 12 2 43 22 1
27 20 4 41 13 32 35 19 38 6 28 21 26 33 34 3 42 25 2 37 39 44 29 31 16 45 30 12 11 49 48 40 43 7 10 24 9 17 1 14 47 15 5 36 46 18 22 0 8 23
15 47 22 42 48 7 28 2 30 20 3 5 10 21 41 36 16 27 32 23 19 49 24 25 12 37 17 43 29 40 14 1 9 26 8 0 44 18 4 38 45 33 35 31 6 11 13 46 39 34
28 31 42 13 1 3 20 37 9 21 43 33 14 2 34 10 35 0 44 49 12 7 47 4 40 18 11 39 46 24 27 45 23 48 16 15 30 5 17 25 19 29 32 38 6 26 22 36 41 8
40 23 20 14 44 32 37 49 7 28 3 43 9 27 17 6 21 48 30 42 1 11 33 16 10 38 36 5 8 47 35 0 41 18 22 25 26 24 19 46 39 45 29 31 2 12 34 4 15 13
6 31 35 46 18 12 40 22 2 20 0 33 39 5 44 45 17 15 10 16 48 37 36 49 43 21 8 14 29 4 41 9 24 13 28 19 26 25 42 23 11 27 7 32 30 1 34 47 38 3
44 15 37 18 33 31 24 8 35 46 23 4 42 48 32 29 12 1 38 28 10 20 47 5 25 22 49 16 17 21 9 0 26 45 36 14 43 27 3 6 19 7 39 13 2 40 34 30 11 41
35 37 29 22 38 40 4 33 5 23 20 41 31 12 18 10 46 48 6 39 15 7 9 14 1 28 49 11 3 13 27 34 43 16 32 30 0 36 24 17 47 42 21 19 25 44 8 45 2 26
46 9 28 39 15 31 47 6 2 7 8 22 13 29 34 17 4 21 0 5 10 49 18 35 19 16 45 25 26 20 14 38 3 24 36 43 30 44 37 40 1 41 42 33 11 32 48 12 27 23
11 22 6 14 20 31 43 4 9 35 24 49 2 36 42 0 41 44 33 8 30 7 25 45 21 15 48 46 40 12 1 27 10 13 37 39 3 23 38 16 19 5 47 18 32 17 26 28 34 29
31 19 12 0 43 22 45 16 2 8 6 14 18 35 1 25 3 15 7 47 34 40 5 13 27 37 9 23 4 10 46 49 24 32 44 28 30 17 33 20 26 48 38 36 21 41 39 42 29 11
29 21 3 24 46 47 45 6 18 2 43 38 5 22 44 19 23 20 12 32 41 26 40 42 14 49 16 13 9 11 15 27 8 25 39 35 0 17 34 7 31 4 33 37 10 36 1 30 28 48
12 23 38 39 28 22 1 18 2 10 24 9 41 29 48 36 5 35 30 31 20 40 19 46 13 7 6 34 21 37 47 11 44 45 49 4 27 32 25 15 33 17 3 0 14 8 42 43 16 26
15 13 10 23 25 11 26 4 19 3 30 12 1 40 5 37 24 29 8 42 33 43 2 36 0 28 22 32 47 39 35 46 6 34 9 7 18 27 41 21 31 48 49 45 16 44 38 14 17 20
29 2 25 23 40 11 7 21 14 36 4 19 10 30 27 12 13 38 47 8 9 33 34 42 39 48 37 31 0 3 44 17 24 49 28 46 16 22 26 5 41 15 20 45 35 18 32 43 6 1
3 12 39 47 22 6 18 9 17 38 15 16 19 24 14 28 7 37 49 44 48 27 25 40 30 33 8 20 45 41 35 5 26 43 13 21 46 11 4 23 34 31 0 29 42 2 10 32 36 1
5 36 0 29 12 24 32 11 37 48 30 34 23 26 2 41 38 14 18 21 40 19 16 1 47 31 43 49 7 28 25 9 33 3 44 10 6 35 39 20 15 45 22 13 42 4 46 8 27 17
4 23 46 21 26 2 25 32 20 14 35 30 1 48 5 43 7 27 49 41 28 47 33 34 24 17 15 22 11 19 6 37 39 3 16 31 45 40 44 10 13 9 38 42 12 0 36 29 8 18
14 6 49 0 34 43 36 45 3 35 23 7 24 38 31 47 19 17 21 9 2 22 46 32 37 13 28 39 44 33 42 1 10 25 41 30 5 11 20 15 12 29 40 16 26 27 8 4 18 48
34 44 16 1 12 32 30 39 13 22 38 11 8 43 47 31 3 37 36 35 0 4 20 27 14 7 15 45 18 41 46 21 19 9 29 33 10 6 48 40 2 26 42 28 23 17 49 25 5 24
11 6 20 47 29 15 36 5 49 8 28 33 0 37 32 16 7 48 1 12 19 10 46 17 35 34 3 26 14 45 41 24 2 27 44 39 21 25 31 40 22 43 18 42 38 30 9 23 4 13
5 19 30 43 31 12 28 16 32 1 2 37 13 46 3 35 7 44 18 17 15 11 26 6 10 0 36 21 22 38 34 20 47 23 25 40 49 33 45 8 41 9 48 24 4 29 14 39 27 42
14 30 16 46 11 9 24 19 20 49 3 25 37 29 0 27 13 6 21 2 22 40 35 34 48 12 32 26 7 31 15 38 5 4 8 1 28 10 42 39 23 18 45 41 33 36 44 47 17 43
30 29 40 4 26 45 21 37 19 41 8 10 6 5 38 35 42 13 46 18 15 47 36 1 23 27 3 11 7 24 34 14 20 44 0 49 16 22 2 43 12 32 9 25 31 48 39 33 17 28
3 45 39 11 29 24 7 19 9 30 38 2 17 14 42 49 8 28 4 27 15 1 23 34 13 43 41 12 36 46 33 35 31 47 0 37 48 20 10 44 32 26 6 18 21 25 5 40 22 16
627041
898636
832139
562322
828106
763634
572864
707992
855928
646279
867793
563152
567855
637481
734775
746804
792271
779890
750467
827549
761326
610945
588964
654736
870827
893012
738828
848277
807252
757697
668906
771280
876675
753898
886720
869429
568447
641454
844624
841235
731785
701181
585693
783284
838206
616954
777306
696881
912433
713827
92218.72 97512.26 80844.1 39019.91 42627.98 57013.535 77824.125 25315.473 2622.6316 96258.234 71678.58 49262.605 82393.78 94246.164 53991.44 38244.117 46195.363 82097.516 17226.148 70333.02 34037.637 58017.9 55276.32 50373.31 14697.975 29725.621 42862.87 67844.71 52210.297 12704.826 112259.01 17700.213 31335.836 18003.78 45537.023 87692.125 71170.95 101194.4 82437.08 64184.105 17843.045 62767.26 89694.28 77619.82 41292.938 21705.84 21236.785 57476.508 108913.5 48117.277
2660.2112 4363.407 8549.067 10002.916 5026.239 8868.952 4864.599 7160.3823 10632.078 8139.894 8179.1606 8566.284 1167.1804 3564.0205 5970.3784 6920.1104 5653.089 3599.461 9650.749 8660.215 7613.528 5348.0186 8308.465 2627.5537 12698.986 6768.417 10353.633 8181.481 4201.1416 9390.896 5107.877 7307.1997 8368.836 12158.215 8733.445 1609.0498 4231.055 4610.881 7401.494 8880.024 10171.818 4692.8765 8456.081 1391.9478 6152.8354 8213.38 8896.635 4381.456 4101.0586 4061.349
31257.172 13810.264 30353.008 49398.344 28364.758 33524.33 49035.043 44656.344 55598.77 24598.031 60759.508 58975.95 13235.92 6314.001 46869.188 52766.89 49780.508 3136.4163 49328.34 37771.793 47661.082 21091.025 61295.652 20225.28 70136.38 44151.1 62856.793 29661.314 18254.268 59289.46 38759.594 50667.504 63315.43 74305.47 45510.59 18569.393 11454.484 32661.719 65507.805 30444.52 63283.016 12576.765 28885.215 24285.37 34150.117 42549.47 48950.56 34745.918 33332.867 33296.027
18422.83 18822.707 19496.615 11981.49 6165.084 13973.243 17161.223 3192.9016 8134.9756 23882.121 14537.004 13834.228 13608.008 19031.713 11572.322 8563.929 8543.964 14733.511 7493.803 18018.916 7459.8335 9008.338 13531.982 8296.006 14131.868 5122.8525 12604.962 15137.579 7325.8154 7651.14 24205.463 3702.9167 9692.877 13965.522 13800.756 16657.76 10576.31 22245.203 22928.844 16202.522 8644.846 12923.955 25506.96 15663.019 3132.9348 3212.6099 6281.5 9022.069 20695.328 4909.5396
60755.87 79756.91 91698.54 59529.434 47630.24 81852.04 58958.332 32990.03 28101.822 94799.516 32298.799 15975.763 61157.06 70854.21 24916.252 9425.844 18033.412 65413.316 17024.26 75148.41 6848.5884 50426.453 19537.707 44456.035 49380.402 10664.454 9686.65 70417.8 46208.24 21160.242 101752.75 29931.836 462.08887 50797.31 76384.414 71748.375 59487.188 92500.79 52983.516 73193.23 17788.807 60811.57 98973.234 70947.27 43508.63 30224.361 15170.594 31750.928 84468.33 28446.482
23611.693 26415.652 30866.588 24139.29 9610.451 27587.568 30038.69 18334.748 26942.367 29825.592 32281.115 30728.854 12859.146 21940.809 24209.45 21810 20672.707 13909.178 23120.967 29825.059 23011.309 9788.276 26782.248 4665.505 35630.46 22562.596 33694.145 24212.484 3624.3545 28699.633 38762.504 19456.414 24875.002 36842.22 23898.91 22934.191 11480.375 31415.803 39324.945 28681.63 30231.066 13254.526 37192.53 21841.166 9531.864 15979.226 22304.047 16693.172 28612.383 8620.902
17898.43 2669.967 33843.105 40756.676 25505.492 34787.613 28943.414 40981.71 53179.83 28366.08 40634.3 51576.855 11100.8 5810.2188 35328.22 39664.01 37322.74 10636.209 40567.57 36286.785 40194.098 25189.455 43351.98 19815.762 55265.855 35593.38 49167.918 30404.818 23621.611 43588.895 16578.242 40814.21 47753.97 61355.508 40144.133 8178.528 19896.613 15300.761 42764.543 34782.26 50631.188 22175.8 29530.252 11623.807 33176.836 41841.055 44299.434 29452.436 12533.078 25849.742
33029.62 63517.523 66707.64 57482.492 49801.02 61350.81 25627.094 36430.62 43939.125 78001.35 5089.7573 13247.925 41512.773 56329.09 14400.274 22449.059 21450.656 50734.934 34994.914 71408.72 21954.791 51510.957 13029.051 35577.42 51039.953 25892.115 21471.656 69810.875 44486.355 38081.715 61636.14 41813.754 22610.129 50675.703 61046.305 44064.52 46298.652 44058.195 13465.722 65843.695 35236.887 57495.516 72054.734 45980.344 40702.387 36555.016 31115.727 22871.158 48790.734 31854.652
1103.4154 1772.7164 2013.3152 1144.9756 933.4871 1534.5089 881.4097 679.53406 685.75476 1792.5568 649.457 404.73026 1038.5942 1611.4021 436.0132 75.39558 203.264 1412.8574 412.31897 1573.4288 73.29803 967.17377 403.03085 765.1919 1039.1254 143.76447 367.98605 1335.5394 888.6988 470.01425 2058.278 610.14276 212.47856 1170.9241 1304.3345 1302.4412 1148.5676 1418.4052 1023.2484 1711.0123 555.8561 1109.2836 2034.1367 1334.8876 728.4423 548.76587 366.44138 409.42026 1605.1702 417.96988
228.00885 2929.6584 7298.6943 6950.1025 4362.3496 6520.783 1321.6349 5522.6636 6342.141 5805.4844 4062.1765 4356.4 2099.4683 3329.7173 3494.61 4235.777 3321.5493 3365.9314 5166.394 5969.616 4344.8745 4572.971 4008.984 2688.7073 7280.7266 4436.7793 4986.3247 6824.7812 3690.7595 6106.6167 2383.7031 4913.197 4979.3423 8446.562 6196.2183 1616.8912 4030.2524 1379.7253 3360.102 5976.916 5905.312 4623.387 6528.311 1083.496 4842.466 5285.048 5579.7783 2908.4792 2017.6376 3415.258
11354.923 9224.735 8035.5615 5689.1714 1200.2417 5364.7573 11924.381 4826.5386 9561.449 8435.641 12384.336 12999.83 5528.1523 6242.83 10801.982 9066.159 9236.54 5003.342 9864.675 5805.674 10316.623 143.7987 12778.621 4013.1108 10602.035 8807.837 12444.722 4481.147 2117.607 9709.1455 15040.652 6773.342 9979.749 11817.865 5524.1885 8134.888 2077.2576 13176.478 16232.143 5511.694 10580.339 2011.2312 7566.758 8742.072 3129.2446 6220.6895 9281.836 8117.3823 10838.1455 4925.762
38945.875 31933.693 32568.232 21161.43 5212.3735 22265.129 44950.336 22097.137 32934.15 30384.76 46217.29 44344.734 23320.61 23229.621 46312.22 35034.402 31062.72 18862.654 31517.18 22237.824 33563.254 356.3683 49563.625 15184.836 37215.523 30293.967 44867.734 18488.174 6483.1025 37648.996 57925.062 22382.943 39933.23 48915.25 20392.521 33061.91 7615.361 50412.336 63096.14 19150.557 43005.61 8890.897 33696.4 34887.953 11405.624 20564.361 31409.617 32135.139 45815.97 22459.13
48171.484 41998.426 43675.21 13688.597 14965.083 22442.469 37447.125 5379.922 9142.041 39489.598 36040.117 30035.938 30371.688 39556.57 32593.646 23486.89 22740.578 33960.152 13134.4 27024.715 23089.209 20334.95 28208.754 24957.29 12385.647 16542.254 25698.363 24460.623 19486.314 10755.578 61043.586 4417.495 22419.502 18565.736 16411.732 45144.25 26586.783 49474.484 49218.73 25072.398 18439.168 24953.453 39278.67 41843.598 11656.755 4857.5146 13637.033 25111.18 48499.11 20506.557
21364.463 33760.71 48180.094 30250.19 20994.863 38197.555 17720.578 17450.428 23428.062 39469.008 18783.797 16909.654 18308.621 29857.262 10308.221 9965.385 5221.517 26089.521 17985.709 35839.406 10570.796 20968.979 12335.781 10529.795 31375.568 11401.533 17644.186 36764.707 15384.228 19910.125 38550.95 17667.643 15277.861 32889.9 33139.703 25795.904 24060.404 31639.47 22717.326 37930.562 21920.965 23054.256 41509.418 21030.05 15971.493 15797.889 16471.316 2888.6848 35563.266 6349.0967
27121.709 41976.12 42307.36 33321.777 27154.105 36343.16 20424.713 20747.3 18342.986 42428.363 9483.913 1328.9192 30066.67 34865.184 9570.177 5979.8164 8924.436 35940.168 12674.936 41307.35 6572.481 29320.234 4244.9907 20628.578 28813.143 9047.19 3690.0564 36906.88 24374.645 15302.661 41538.21 17543.842 4885.9995 25765.611 34192.652 30804.824 29335.553 33940.03 18562.352 40414.19 13102.435 32975.414 53969.586 28377.021 23044.195 18646.8 12985.034 12002.688 35044.24 15367.077
4739.909 7978.801 12479.46 8127.966 6082.825 10434.397 2975.5537 5444.3193 6409.7744 12037.206 1948.0358 2538.0918 5749.2715 8210.109 333.24146 2609.1826 1446.0132 6514.292 4482.697 11070.318 2381.1094 6550.5664 1475.7347 3934.5217 8646.171 3562.5066 3521.2385 10603.1455 6115.262 5805.018 8467.906 6291.5117 2948.6594 8183.631 9675.42 6120.6206 7001.696 7050.6665 3711.1948 10739.621 5894.4756 7166.9326 12603.479 5829.845 5226.093 5075.341 4763.592 1605.0524 8145.926 3637.8965
29132.04 20318.39 5161.12 25197.576 18981.135 12949.32 36641.562 25769.268 32595.213 3397.205 43054.184 47168.31 20496.521 15677.533 42088.348 40643.184 32669.605 13714.47 36977.71 10675.568 41322.414 16172.303 40875.516 25109.234 36583.465 32922.13 44871.03 12676.104 19315.15 34749.957 35945.406 30873.379 43758.805 40639.297 20614.541 22587.668 12211.126 30347.086 44827.805 9525.657 36771.996 10169.182 5986.31 29072.914 20635.752 30575.979 31905.285 29295.027 27200.793 30148.129
41173.113 53068.28 52493.13 27706.658 22848.535 36184.914 34512.195 14428.411 7824.18 52615.867 27520.998 17766.906 33278.465 44265.99 24961.71 12025.802 18059.238 38382.28 3532.5032 37558.56 11286.938 28856.236 16762.922 26991.588 14496.376 8884.73 11284.304 38092.867 23893.797 3788.8665 61494.496 10503.471 8971.231 14461.975 29456.275 43761.605 35272.598 50981.94 36362.223 38833.312 1462.9152 33634.37 47518.875 38847.164 18840.518 11939.02 5556.069 23096.316 46660.312 19452.654
43429.152 44157.96 53553.87 38501.59 22030.393 47699.53 32369.59 16871.42 27662.87 53386.05 34689.01 26025.746 27288.73 47017.78 22659.414 16044.551 13018.205 33867.85 18703.674 48486.984 16873.549 25436.4 28400.383 15321.314 42061.01 12024.584 27884.729 42452.37 19170.814 20135.336 59112.035 17809.127 21717.246 43566.81 44113.59 38625.445 31933.799 48844.13 49667.277 48033.85 25480.83 34603.145 65681.5 40244.49 13513.632 17135.83 16348.75 12445.483 58044.484 5503.824
56434.25 50930.39 31168.305 10329.651 18935.314 8222.519 65860.51 28097.95 34114.8 33519.08 75081.016 64800.62 46560.574 40152.98 58322.332 51156.914 47199.754 35548.83 43636.258 11611.921 48612.74 22205.193 55258.836 35093.76 31066.357 41848.277 53755.297 9240.92 24981.148 39318.246 76065.42 29570.37 52995.863 39238.97 1948.0902 56423.55 25256.684 64766.19 87597.52 14528.177 45958.832 23778.3 33746.09 51220.414 22656.254 27347.947 43199.992 47608.63 59929.117 35552.195
4003.3496 2601.485 9864.875 11721 8442.128 11793.182 6452.5757 10622.043 14379.751 8296.188 9969.365 12943.691 4210.1255 3492.3499 9009.79 10833.222 9469.065 4485.3525 13529.781 9405.027 10415.324 7617.472 10812.136 6210.243 15299.104 11616.685 12628.962 11116.409 7644.828 12775.581 1857.6906 11630.921 12193.624 16065.357 12738.82 2867.287 7116.2544 2845.8157 9644.09 9211.286 12609.118 6402.336 8402.188 3053.7915 9468.836 11861.432 12903.382 8541.386 974.79083 8592.05
47276.57 24471.627 9963.517 42320.195 33046.61 25579.172 52733.676 47707.7 58117.8 3599.3867 76144.62 67024.875 28257.242 18110.35 61146.445 60930.48 52344.906 17701.365 51487.758 23585.357 61338.582 26991.973 66639.63 34759.41 62219.133 54342.332 67499.02 20752.473 29884.773 55002.918 51136.926 48996.23 63949.824 72356.484 31459.672 38275.06 17933.43 42868.89 65734.4 18254.857 66392.59 17764.867 10452.128 41988.824 39285.43 47470.89 56730.156 46521.5 39207.254 44182.484
61934.234 23041.936 26137.412 67508.695 42382.41 49014.633 72461.734 58179.758 89690.17 19656.533 99915.44 96871.664 37505.48 17599.115 77629.266 86398.84 69009.35 20892.938 74693.06 42550.543 76627.45 38234.984 90637.84 45074.562 91623.12 81663.93 96202.4 34927.594 35898.336 75399.59 53986.64 63787.652 80648.555 93833.664 50885.676 38684.477 26451.986 55042.426 86950.87 41692.99 88166.59 24167.295 26416.521 47002.383 52700.324 59353.7 74333.28 58166.13 42833.773 53790.06
69631.836 78717.16 84005.55 38097.562 36267.12 52832.543 60082.97 20146.996 5963.3774 81792.26 49497.785 34689.58 64586.586 77691.125 46726.207 29345.375 32644.793 57912.01 9704.146 59247.523 25893.31 45879.965 37922.336 50252.914 17263.908 19363.37 24677.56 59476.785 41748.08 6665.284 95614.12 18415.512 24504.273 20574.955 42128.586 66586.21 55816.008 79957.06 60818.234 59680.297 8536.548 53929.855 90984.66 74032.24 30743.89 20061.918 14057.623 42726.016 77542.51 37803.824
30858.37 15623.467 13244.272 29756.027 21891.99 25690.37 42009.066 32241.475 45399.27 8203.741 52399.82 49564.477 18712.494 11464.428 49298.42 41549.2 39471.973 11712.157 48261.742 20009.807 45416.293 19415.02 46179.586 25303.85 50412.33 37814.85 57321.07 22346.992 18303.943 48965.81 31279.393 40110.598 47187.33 53243.7 28454.203 25260.875 14316.471 32869.543 54138.438 18224.654 54416.953 11722.482 14821.016 26984.055 24667.09 35249.434 47106.543 37603.55 29311.258 31714.443
58227.105 78811.39 83336.92 39956.11 30826.812 52462.492 56019.215 11201.483 21987.299 79338.734 41771.688 33257.402 53037.695 60476.527 39269.15 19189.314 20225.41 51545.82 13450.28 54106.367 17527.803 33547.598 29499.639 30205.762 35501.402 9688.91 31207.53 50857.438 30239.227 13324.59 87572.98 11064.694 22236.885 44418.957 43701.754 59282.77 47955.348 81456.88 66803.984 52253.332 18925.871 47754.793 82988.164 59689.04 17809.607 10580.844 8959.304 26077.475 78193.18 17659.365
77526.76 70850.305 61107.758 8952.872 30011.543 27901.172 72851.734 23201.074 23275.951 64211.81 65575.32 65829.88 65079.336 71117.63 66417.664 49013.938 50241.74 57454.098 33952.406 33968.043 50962.527 32007.244 59190.344 45669.742 19571.467 40572.598 54617.414 30791.908 35645.035 31355.115 105283.62 19628.258 45660.883 31563.45 17052.309 71254.61 44380.035 93987.4 84461.484 36467.523 36631.42 42721.918 59652.055 81392.34 25491.818 24619.121 38373.74 53806.797 94440.11 46566.496
81437.164 54703.566 22456.031 26109.734 32913.42 6473.246 89492.53 44519.754 61441.273 31335.146 98262.055 88252.1 57940.633 44430.258 84609.766 76086.75 63290.49 41744.67 70749.414 1674.8964 79295.6 28292.52 76180.88 48485.008 60382.9 68397.18 83395.91 6980.3584 34932.09 62951.547 86464.92 48346.184 70903.11 63676.22 17535.488 63632.67 30881.764 84716.42 92963.125 3238.464 74893.79 30972.502 27169.527 72120.81 36269.34 48827.79 56780.824 66662.48 76662.945 53353.754
21364.51 33424.656 37075.62 30103.748 22041.312 31509.701 16549.959 18372.668 17043.197 36626.34 7495.3716 1926.7241 22117.2 31435.703 6433.423 4787.4297 6840.5684 26163.828 11108.63 34036.9 4143.3823 26511.064 2906.6494 20111.26 26492.033 7306.6235 4821.2896 35250.81 23459.012 11509.919 41051.688 16799.648 4495.4346 24753.453 30723.88 24729.572 28808.555 32871.09 16441.625 38272.688 12679.723 28179.81 46887.86 26048.168 19475.98 16636.244 10054.758 12012.1455 29940.088 13072.9
55829.13 43920.37 39430.113 14544.982 10638.196 27757.484 52990.86 8716.651 22709.889 43808.695 45058.082 38830.727 33925.617 41408.723 36850.812 33000.426 33948.043 34322.46 23166.018 26941.22 27887.426 15961.56 44699.46 26615.621 24665.412 26382.496 42530.777 24997.041 17101.436 24728.44 61750.688 10085.2 30019.49 34566.055 19160.242 41715.9 26579.918 60538.383 59657.94 30627.475 27834.822 22716.023 49162.17 43710.598 7673.1416 11000.922 21808.166 33218.51 64162.57 21127.428
47226.285 23197.258 28905.588 62280.04 38913.62 45841.246 64907.453 60898.047 87156.28 19552.37 96544.86 82834.51 29228.02 14332.841 73394.48 66597.016 70739.76 15460.506 83239.18 41969.59 74338.34 33888.418 88592.9 42411.707 94315.086 65555.34 95752.73 35922.125 31992.877 69259.81 56516.27 61500.82 75284.266 90954.664 48635.984 33775.55 20337.049 55573.28 93991.664 40438.4 90528.87 19602.832 26262.998 43772.14 46375.54 64122.176 76179.27 56674.652 47675.58 45940.965
2209.3782 3315.0222 4038.1072 2222.1187 1706.2716 2921.2026 1976.2904 1238.124 1591.3721 3853.3926 1101.8722 793.3544 2179.6338 2735.3726 760.1538 171.50443 285.182 2408.9312 1056.2181 3094.427 186.94534 1890.9116 703.7637 1357.0864 2261.3774 372.82538 810.0394 3133.9463 1607.3458 1026.3701 4032.1836 1176.8358 499.8292 2599.3032 3066.1965 2665.6365 2242.0154 3102.4233 2153.5537 3095.9192 1280.9724 2670.9028 3753.1912 2325.0488 1512.7504 1225.5027 749.5677 715.56946 3514.1443 946.7769
12226.2705 7688.601 12980.212 13744.541 6452.412 12525.067 16966.535 11271.324 19541.885 12426.845 19459.346 20763.877 5299.6406 5241.1035 16422.98 17750.29 13324.507 2135.6892 16076.045 11584.722 17954.389 5792.5303 17651.352 5742.8945 20476.4 16381.213 20089.42 10801.592 4628.18 16110.774 14908.016 15052.787 20068.229 23842.846 12750.2705 9034.197 2433.49 14828.783 20104.225 11823.67 19018.451 3622.7742 14163.866 9604.818 8358.147 12413.274 16818.611 11936.038 12107.925 10089.207
40407.414 27738.91 11735.794 19674.732 16146.819 11073.982 47867.133 29405.68 40696.36 10344.745 54302.64 53666.39 25603.78 18357.87 41164.832 42891.7 36463.3 14425.076 37486.9 8492.032 38637.633 11139.057 46398.08 21500.596 36181.91 34564.83 51907.293 8436.9 17481.035 38936.277 43948.09 28974.389 43495.44 42271.656 16105.05 33281.652 11152.171 41234.9 57929.676 8538.286 43841.082 9510.893 11671.927 32167.586 20555.736 29389.553 40226.01 34462.156 39914.625 31170.99
51241.176 34332.992 8930.499 19369.621 22835.553 7155.0605 56921.656 31989.814 38924.188 13361.243 66048.27 58815.04 32555.092 31914.555 56062.535 42835.938 43514.613 25404.201 44615.2 3713.198 44368.51 20663.74 51737.56 32585.246 36247.477 42000.938 53177.766 7694.551 24309.135 45171.816 51508.535 36122.516 50411.184 45583.164 16433.85 41429.625 19437.666 50198.777 58801.82 3573.907 51558.06 19588.1 12761.266 42094.59 24906.143 29743.318 45828.664 43028.02 46949.32 35288.477
29082.748 11441.995 18618.719 30384.922 22262.963 23229.244 34326.055 31003.52 48404.066 13026.986 45315.055 43712.555 13467.426 5519.802 43803.33 38519.434 37783.074 5571.4614 38686.727 23962.32 44474.535 16484.846 44485.73 21670.514 47831.71 39218.184 52681.777 22939.158 15197.137 40170.426 28134.863 32832.27 43802.625 49655.3 27563.299 19293.621 9742.012 28696.086 47980.156 19624.285 45608.29 10981.611 17485.479 20184.785 24557.533 35319.84 43976.023 29345.248 25647.635 28520.018
8932.245 7245.632 5678.3096 708.59845 3061.6145 2731.4187 8842.508 2827.497 3304.4355 6089.5054 7765.0923 7365.1265 6296.6953 7425.066 7396.147 5642.4917 6316.876 6283.0044 4242.3174 3378.4592 5614.8745 3919.2822 7081.8916 5808.871 2493.73 5069.5054 6670.8223 3475.0625 4234.1416 3422.4966 11551.365 2457.5298 5307.841 3399.9817 1860.7915 8247.952 4922.7393 9857.647 10130.431 3531.6301 5014.315 4354.92 6412.9067 7996.8906 2907.0415 2920.697 4310.985 5934.7764 8893.457 4913.529
460.42078 379.49112 1486.3029 1517.5325 945.7738 1367.704 853.5848 1223.5173 1924.8632 1175.1991 1373.4323 1705.4907 233.38994 457.54428 1169.4104 1362.6825 1131.1842 481.74323 1626.4308 1432.5828 1417.641 1000.7785 1333.0981 695.9911 2175.222 1472.2976 1806.8247 1227.075 759.4003 1690.5676 619.8248 1405.513 1535.2937 2311.3987 1503.9155 79.72027 754.0503 481.00525 1364.2823 1376.0521 1911.406 773.408 1525.155 198.78926 987.88196 1308.9554 1624.1827 871.2881 473.51303 940.6758
19599.404 17185.654 14866.432 4110.9165 3480.3823 7373.136 20152.324 5526.2803 9076.307 15446.749 22570.678 19128.299 12443.405 14916.584 15303.27 13974.832 13830.185 10460.794 11037.108 7987.775 13519.868 4844.768 15460.212 9561.2 10757.871 11755.26 16179.144 6612.3213 6145.6187 10453.078 26900.75 6399.4575 15442.82 12969.536 5275.757 15770.779 7848.8057 24973.934 22910.89 7646.762 12927.975 8315.529 15983.127 19290.975 4037.04 6441.8794 10271.769 12212.013 24283.074 9399.264
16967.434 54821.652 98342.68 85534.41 56419.254 87463.06 8032.409 60056.637 78761.48 86900.69 40006.746 48117.098 38707.918 48535.492 26276.438 45628 30821.16 49086.29 57890.305 94059.71 46301.906 57712.996 38494.79 34642.312 104655.34 52078.973 57260.22 89841.625 48174.6 69219.93 53655.43 64439.723 53703.992 110512.45 90030.26 35091.113 59724.906 38990.082 35874.58 90920.92 71948.16 61499.656 97817.28 26440.227 55935.277 60004.99 65722.7 26667.516 43862.617 34809.69
45863.742 78273.45 99765.22 79693.97 56420.65 101429.79 26336.016 58898.18 58684.742 102728.375 7001.0083 18501.406 50131.625 73076.02 8315.103 24863.242 21420.844 65916.06 41291.12 101615.08 26784.982 68560.445 13437.481 41912.11 73478.77 32583.521 28080.328 84392.95 54257.547 45370.617 79761.07 55607.6 29765.857 70240.66 93378.805 57838.57 61195.645 57463.777 20720.002 99076.45 44951.992 78966.14 99624.85 51702.02 58000.055 50221.527 37294.35 23345.787 70713.05 38333.184
46462.766 53773.676 60207.51 32961.85 25693.395 49325.7 37117.426 14978.097 19163.842 60210.1 24746.488 20229.955 33105.684 43308.035 22107.623 8042.0967 12230.028 38846.582 9802.553 43590.746 8016.507 27890.889 19717.004 25803.902 29562.867 2055.4795 17744.84 44724.918 25904.492 14070.447 67200.68 15042.535 10772.732 31216.137 44422.33 39271.21 33920.777 60399.79 37381.273 44131.11 17319.469 35112.14 67300.23 44601.277 19266.404 14835.144 6707.5225 17097.293 57887.2 14097.58
63675.547 61070.2 62315.746 22072.31 23304.293 37773.2 58827.816 5804.111 11724.73 56925.65 45048.09 37630.535 46490.926 55938.33 40492.1 26585.04 33661.113 47394.75 13697.756 41897.82 28419.559 26659.299 36410.043 36659.04 18067.922 20503.402 35919.223 38424.39 29823.959 13543.236 81927.08 3696.92 24980.922 23506.107 29761.129 60706.4 34047.38 67111.89 62571.152 43803.668 20402.37 36325.92 61440.7 52679.35 15765.206 4962.0576 14235.517 33797.4 78857.27 23257.426
589.01337 549.6224 674.4313 393.20032 117.19671 419.5969 577.46893 194.42307 456.13544 679.1919 634.4183 588.593 345.7841 495.4459 467.2795 356.50613 318.73425 348.7008 339.6505 524.57605 408.45282 189.87413 547.10236 169.46886 527.7397 310.91852 531.86945 405.99847 106.28161 402.2725 729.5272 241.58382 447.6402 587.6903 412.85138 495.19812 266.9651 651.86017 820.2132 468.37302 465.88297 303.33536 643.352 496.70758 64.51994 218.64304 302.51135 292.4428 739.5648 138.53197
11588.085 14300.831 17328.738 13154.863 9889.043 14462.941 8989.439 7441.7544 8337.173 18730.953 2994.8376 639.7873 11734.08 14296.283 3378.019 2164.1543 2934.233 12981.436 5299.6885 15450.1 2469.346 12690.024 1111.2465 9710.689 12418.784 4118.1895 2064.9448 14830.357 9721.926 5631.5474 17836.594 8424.07 2370.9182 12076.396 15901.809 12855.602 11531.574 15794.953 7914.814 17881.963 5358.2285 13563.88 20879.422 11618.771 8911.597 8212.039 5221.601 4587.55 16014.264 7076.933
820.8738 1267.261 1761.6968 1249.7974 762.264 1418.9747 698.0471 685.09503 1003.0282 1587.9506 858.5744 740.3557 715.44696 1189.3837 533.8012 452.78876 310.1654 874.0191 822.4715 1499.5004 478.37463 689.0372 554.40826 322.88373 1386.9938 471.5557 863.9321 1340.288 616.5764 797.88434 1339.4756 706.4757 699.48804 1573.2816 1179.7135 962.36414 769.8051 1323.8668 1034.8154 1303.0724 838.5317 995.79987 1823.0214 795.554 556.85944 637.9556 644.7109 158.64616 1169.1149 152.40932
50532.516 57951.082 47112.82 18545.102 21403.523 34392.31 55445.32 4784.087 13685.184 59826.016 51472.08 39797.63 41961.473 49522.184 45301.953 29239.922 29928.35 42072.207 16719.729 40089.203 28268.117 25462.012 40877.133 32968.043 20611.725 22507.568 35702.793 33860.535 23331.828 15740.667 78057.95 4686.6475 29906.049 23877.836 22584.53 51125.93 34199.035 66153.78 66514.586 40512.926 22417.783 34149.34 57481.332 58030.145 13867.385 5848.9873 15505.702 31970.727 66660.06 24832.668
47864.043 66800.375 73605.82 40013.945 22725.232 59630.33 49375.457 17126.746 35508.55 75716.53 43178.234 33359.57 39108.613 48445.59 30601.848 20091.613 18304.156 45642.312 23023.914 63393.035 20744.67 30419.71 33057.953 21716.266 45642.223 14962.581 40106.918 55736.043 20787.023 27626.291 86812.18 22143.545 24641.95 53826.98 52884.164 49714.33 40668.617 68294.8 61846.45 57943.63 32060.146 40310.047 69678.06 43662.043 14696.473 17529.533 19460.62 17472.62 65809.6 7525.75
47575.273 45324.855 32330.377 14251.01 4639.3066 18380.857 55964.477 16925.348 31354.88 36455.05 59160.13 46624.734 33808.703 32426.883 42397.824 38157.934 38362.223 28782.676 30087.518 23112.973 38348.918 8887.27 50535.18 24249.002 38200.492 28917.082 50944.027 16748.3 13306.496 32161.658 63719.707 20352.53 38225.37 41312.035 16857.195 39914.7 17041.586 63239.207 68282.234 22096.154 39676.332 15418.461 34993.836 40470.906 10053.4795 17853.201 29431.176 33829.207 48595.73 23953.195
4551.271 4324.4185 5047.464 3191.4434 1284.4214 3908.571 4762.6694 1438.3561 3149.133 5526.4204 4568.995 3708.8372 3037.0234 3953.9133 3191.9504 2765.797 2507.2583 2696.7515 2940.0247 4336.7964 2748.6418 1580.3612 3977.3845 1242.5133 4193.3706 2379.5425 3955.483 3426.623 1233.5273 2829.8564 6972.3013 1726.1859 2998.592 5272.3105 3642.3538 3904.8367 2186.066 5852.696 6065.966 3998.7173 3896.5925 2581.8328 6107.796 4336.8535 642.29944 1596.9149 2503.137 2469.6575 5755.733 951.03204
11566.476 18482.693 32751.938 25965.55 13833.653 29954.543 9585.33 17174.191 22756.33 31987.63 12112.61 15745.111 11270.181 16978.727 7540.579 9586.981 6476.789 15409.064 15082.173 30199.232 11156.779 16345.093 12140.635 7597.2563 28797.537 12122.413 16571.045 25469.238 13582.794 16830.975 24686.271 16712.193 14091.027 26271.156 27640.627 13929.599 16366.298 18160.36 15862.295 26006.797 21815.99 19696.727 33493.71 10823.463 13650.748 16108.337 14397.067 2381.9626 21035.303 6609.1
24994.754 28470.77 26033.385 10220.795 3696.3376 13808.204 25487.596 5213.5933 14082.552 21974.365 26910.076 24896.496 16510.3 21224.494 24354.68 16977.504 15243.767 15774.391 14898.419 16461.191 16678.408 7295.264 23497.555 12020.439 17539.902 12101.505 20093.49 13745.501 7639.1777 14977.84 38885.29 8104.4546 19576.049 23852.033 11403.101 24611.732 11194.479 31460.154 34079.17 17369.43 19848.957 12054.194 26629.562 24445.26 1812.4701 7395.4814 14591.791 16680.809 32848.137 9743.572
14317.173 23318.83 35405.11 25000.639 21778.45 29568.76 9059.487 19202.697 19076.438 33221.188 2790.237 5700.3345 17333.652 24507.621 1789.9408 7629.005 6183.6724 20161.928 13240.467 32987.805 7297.788 19184.545 3264.7993 13147.686 25231.324 11666.022 9453.104 28151.352 18924.611 14895.277 26721.865 16857.717 8854.137 27784.61 30660.324 18237.809 21591.691 23528.188 7750.623 27860.27 14426.167 22402.723 34079.652 17367.799 19118.54 17438.115 12491.019 7534.002 25789.943 11656.922
32259.574 16795.572 63691.094 79773.06 62228.926 76809.99 50442.664 66756.29 97235.36 52502.734 75030.33 74777.8 32203.777 23849.697 65258.316 75227.97 61964.645 31128.785 86499.81 65568.055 81534.89 50989.27 72764.625 50970.51 106504.12 82463.125 89469 71737.7 53187.656 85505.836 13152.055 85521.26 82853.61 96511.35 81966.49 19209.832 47650.062 18925.395 66612.93 69474.86 100469.83 52654.13 66107.38 23666.736 63705.156 69201.125 79086.24 60175.324 8742.646 60267.184
5026.417 16508.951 40668.25 41570.195 28489.373 37892.246 13867.648 30411.371 43473.297 33956.977 25638.03 32011.127 11942.321 16034.282 26459.44 32094.434 27972.309 18767.492 36941.08 39324.188 29104.719 26752.24 27628.686 17897.29 44599.16 33875.08 38727.605 38382.363 21857.404 34757.695 9213.565 35188.945 35076.254 46439.043 37522.613 8528.942 23778.055 3117.0337 21600.584 33896.836 43000.52 24136.363 34563.402 6721.615 26655.123 31634.271 35082.105 18383.945 6874.2725 24018.184
46863.094 34727.48 52024.61 47724.457 18649.025 42456.523 50574.086 39282.99 60968.293 43201.152 65343.027 71958.21 19758.463 28009.041 57885.496 54469.67 43195.895 14863.367 50447.69 39398.14 54704.504 14918.908 63467.62 13515.031 61403.734 45625.35 67960.75 36256.05 6374.3486 56154.242 64833.234 39566.332 59058.19 69033.055 46376.305 32763.684 11922.136 61842.46 83518.375 44120.996 70063.836 15016.918 52644.03 36518.4 23453.855 36601.055 53424.055 38194.3 50619.562 23571.098
5613.0605 10808.411 21511.61 25765.195 20726.541 26039.672 11368.106 24624.637 25421.43 23220.846 18650.105 21495.377 10449.322 12782.007 16785.133 19010.244 16891.783 14807.214 23874.646 25362.594 22141.607 19371.416 19948.654 14448.199 29664.35 22793.607 25913.547 23428.592 15671.933 23482.094 3235.8599 25573.637 23758.887 32081.016 24440.898 7520.492 16797.498 1507.6027 18218.48 26439.26 27830.338 16279.17 26439.148 6028.782 22004.668 22039.383 24793.1 17288.518 3323.347 15745.104
22106.566 70055.04 115005.195 109776.86 68119.586 95190.85 11355.025 74921.41 83806.125 101086.41 39389.04 61390.32 50499.836 61093.953 41247.113 61355.477 49403.395 72811.43 78121.03 103230.64 58405.195 78917.83 52887.055 52325.605 102123.336 61036.094 65470.29 95530.875 72141.85 79938.27 57123.57 74300.28 63181.215 115648.35 111779.57 40568.227 78253.85 33989.344 26208.342 113915.72 82492.29 80307.414 104740.516 33004.1 64318.297 82018.86 76862.625 36927.43 52048.566 56568.89
33131.51 66083.6 79309.11 65729.65 52759.29 81026.38 18286.604 48759.293 53533.055 74237.28 12776.949 25685.334 43501.83 53342.805 17179.428 28030.562 27526.023 51593.367 42635.56 84193.19 34115.7 64176.992 19225.107 38935.58 62441.742 41504.895 35469.125 70684.14 47829.48 50683.926 56242.844 48839.242 31489.447 68921.945 80111.87 50372.77 61076.598 43951.13 5124.235 72708.51 42464.758 68000.79 93423.94 43587.832 50654.863 46217.438 45596.715 25730.541 48930.332 40997.94
701.3007 424.532 1141.4967 1330.6517 797.0767 1253.4353 1112.8534 1136.986 1646.65 844.06805 1615.5096 1595.3303 233.72552 206.65456 1299.5609 1288.8414 1284.2196 147.77638 1367.8998 1084.2648 1441.1011 714.3897 1387.2015 568.8216 1714.3856 1356.2346 1728.5586 1082.7897 558.9416 1365.025 1072.4543 1358.6757 1376.7302 1907.1678 1351.6599 401.22287 388.52036 896.6242 1760.9354 1047.7444 1657.6356 501.90298 987.8063 476.87708 776.26154 1187.084 1350.9397 843.17896 648.9633 907.0282
13754.778 9463.409 4731.4634 9801.0205 5951.485 4987.4473 18376.625 11084.382 16452.996 4160.528 22034.188 19455.629 7887.7324 6526.61 15698.483 16820.38 16194.451 5164.9624 14799.323 4226.038 14572.466 5200.9956 17407.59 8818.826 14979.909 15485.542 19294.857 3843.7834 7016.0728 16397.385 17573.88 13162.728 17684.146 19123.412 7497.0425 9717.691 3843.442 15512.122 20171.535 3710.4878 17632 3361.0374 5255.608 13180.237 9290.795 10468.915 14635.04 13211.751 13932.774 10873.705
30538.592 51047.69 74112.14 53549.355 35157.645 62251.184 22375.666 34345.32 44364.617 79944.42 22046.885 25806.725 33133.85 42741.082 13196.568 21284.102 11887.305 39886.637 36269.254 72223.08 22232.396 43551.375 21590.46 21150.299 56334.64 23786.66 29996.326 66520.71 35725.64 38679.3 58765.77 36390.266 28409.943 60821.137 68830.625 36182.914 45143.9 47569.19 33126.58 62525.785 43794.406 47197.23 79436.766 30885.346 33998.66 37755.21 31930.885 4527.899 46358.734 17009.281
13278.615 21372.768 57794.523 64183.84 46742.344 62034.59 18855.432 52760.617 59316.133 44185 44958.688 49862.7 23924.564 26859.11 34082.203 42383.18 42655.098 29946.027 49126.805 55881.652 49858.21 40673.684 38950.473 32696.266 69634.734 49781.36 50738.01 55106.62 40798.82 55803.22 8907.866 47256.66 51794.645 77106.06 54800.973 15491.482 39199.836 3826.2095 35241.547 55026.6 59257.676 36816.42 53995.125 16076.481 39631.504 55198.688 52490.453 36318.34 10690.13 35893.32
32836.207 32568.092 84082.29 100313.78 82888.56 92764.6 45213.832 100009.055 97941.6 71509.234 72317.14 82900.49 44481.707 42364.227 70624.3 93452.336 72561.45 49863.34 89071.914 92906.62 91259.89 67311.01 78042.08 61987.715 122618.68 93950.016 101608.08 82388.38 68985.94 92129.36 3982.0234 100927.14 101139.29 123083.41 93348.086 31504.46 61636.496 11463.768 66083.46 98886.555 97409.12 62215.086 94676.055 27806.58 72225.21 94039.49 88599.47 64391.41 12728.885 69390.555
31447.076 56193.316 66077.984 55487.89 39166.28 62803.402 24543.26 36067.406 34843.734 66063.34 3401.0273 8214.308 42245.586 50263.02 9055.148 16406.586 16488.508 45666.8 24585.9 63442.64 16798.426 42283.04 5883.3037 33715.48 47362.46 20262.648 14957.277 51856.754 42211.117 29653.79 54638.016 33494.8 17474.209 40646.82 58744.188 38358.1 45016.24 49708.777 19182.998 65021.867 26001.498 44979.676 64140.094 38715.137 36280.457 33118.086 23636.451 20489.725 53702.98 28236.707
70705.32 76794.414 74164.22 28050.814 31086.75 49120.17 73585.12 8694.114 15054.34 76619.69 63975.95 48279.26 63429.18 67635.96 53529.113 32837.332 40691.812 64454.406 18719.027 48429.133 34291.586 37643.312 51773.35 43107.316 27050.398 24771.197 47029.49 51709.562 38707.293 15736.814 98783.7 4177.049 34269.375 31626.281 39773.3 79672.664 51019.64 94526.234 76024.62 53406.848 25105.127 53558.875 80289.73 74065.67 20289.402 6898.2295 19638.72 48957.543 83118.03 31369.016
76071.47 47351.91 16623.86 36367.03 26563.03 14283.459 76774.38 49604.992 64810.082 22042.576 91456.65 81278.58 49224.57 41943.96 85215.88 72567.84 74812.14 37891.844 66774.58 7193.7812 67413.87 26343.44 90266.79 49325.38 65709.22 59700.445 90192.21 9709.733 32377.77 69834.71 86081.01 47439.54 83049.59 67169.016 25333.666 53301.535 25531.64 76944.62 105493.14 5145.9883 69261.04 24634.041 19704.604 63755.414 38161.402 45251.387 69025.945 59386.344 77851.63 52430.387
38959.44 21350.848 10425.086 26531.469 20846.238 16926.383 42861.91 29579.598 40463.76 7046.974 57156.973 51508.684 22752.736 14768.749 45406.465 39760.86 37967.055 14389.064 40187.773 16130.504 44092.28 15708.884 44772.67 25026.25 42343.824 41866.055 51680.473 14354.967 17612.34 41955.164 38882.332 33117.184 50564.008 50433.105 22500.562 28925.459 11369.274 36005.28 52175.938 12925.913 47110.047 9173.351 10366.17 32175.602 25227.375 34539.082 42490.863 32945.582 35414.387 33478.832
4632.5845 11566.5205 19694.303 17529.896 12579.039 16596.021 864.0251 12723.03 14021.379 16379.578 6943.9404 9553.876 8625.025 12490.074 5308.367 8256.413 6018.1694 11666.78 13530.994 19580.99 7822.4624 11695.963 7338.716 7866.866 20007.627 8973.597 10122.025 18698.127 9685.353 14202.669 11358.828 13983.688 10502.281 17627.008 19288.621 7627.9707 12468.716 7684.989 4303.3706 19619.969 12919.284 14077.967 20210.615 7097.058 11040.457 13555.026 11151.283 4906.8696 8664.226 8158.711
2038.8629 3063.3916 3879.6487 2705.274 1847.11 2820.7913 1678.5018 1770.3184 1395.3668 3708.7358 505.9776 96.34415 2242.1533 2601.2317 703.6232 607.7203 775.90656 2794.6453 1203.849 2795.1135 637.02594 2020.2053 346.2837 1819.0874 1975.5188 816.2212 379.66946 3125.0725 1865.7278 1213.1411 3463.738 1718.0612 521.8038 1936.9841 2818.8665 2504.5457 2484.8 2782.0725 1469.5198 3403.969 1032.9089 2366.7239 3894.1362 2360.1333 1951.5037 1601.4441 1065.1995 1137.1339 2784.9092 1461.355
725.149 673.32214 384.9857 190.04498 168.95274 152.31801 829.9692 358.63144 565.8348 428.2525 844.4394 854.05634 542.5492 550.6053 715.2393 658.685 653.9959 443.16196 529.01196 215.33875 677.8312 150.70457 698.4537 405.8477 509.0352 512.03876 746.59467 146.92386 282.1143 581.1133 946.1405 378.9763 671.23425 632.7118 171.12178 638.20605 243.30016 970.1039 972.9754 198.7114 592.9739 233.25056 476.90918 608.95874 265.47656 379.4858 555.89795 574.01294 835.35895 402.6366
359.27005 1196.5383 2324.342 2033.7328 1606.5956 1931.2474 331.06863 1718.3433 2048.5981 2016.7971 1111.676 1258.9863 918.66736 1106.5903 972.1033 1262.2471 943.5988 1127.8385 1854.8794 1957.6953 1223.3146 1372.0736 1112.1659 980.6005 2507.806 1269.0175 1590.1816 1847.2505 1226.834 1674.4257 824.7575 1688.4918 1345.2906 2136.9827 2061.3296 719.2776 1437.2056 527.21136 684.0323 2095.748 1738.2124 1494.6049 2177.1326 606.5837 1589.3339 1504.319 1666.0853 963.3958 799.5916 989.1931
85373.69 79203.92 64020 7769.9385 31897.068 33067.344 89853.7 23854.438 29489.871 76023.75 77580.375 70733.89 69271.93 67084.61 72640.555 52075.78 63009.24 64697.977 40795.848 40853.78 56324.56 31872.822 75385.61 53535.18 30343.86 48849.91 59872.2 32669.973 39801.973 35264.438 116923.45 23382.346 54024.344 40131.16 19110.77 78192.56 45251.16 95434.57 109728.445 42428.992 42880.777 44911.242 73105.51 78871.445 27599.059 25322.555 42426.1 58370.547 94050.086 45357.203
602.7221 931.3384 1435.0295 1164.941 853.939 1200.4023 382.99036 934.82043 830.2652 1424.7964 223.16441 454.76694 744.66974 926.9398 319.53333 565.4239 441.98386 1050.4678 811.68195 1206.7932 526.57544 1034.5289 355.40414 807.4346 1071.7185 676.6869 578.64514 1129.8599 872.5202 755.5523 856.2121 860.69965 532.07086 978.2323 1320.0984 796.82697 1004.78485 853.0092 149.66943 1227.4884 795.3094 917.3306 1441.0024 758.17566 850.3 841.4917 745.99835 494.58838 916.8699 640.9714
62529.887 24517.307 34723.94 71285.086 54704.727 57150.812 83359 75140.96 104307.77 24089.07 97250.52 99855.445 38785.062 20173.494 97817.055 101509.59 80786.44 27658.215 87800.2 54330.445 83277.99 44541.402 109558.57 52198.086 100003.07 85883.68 116192.23 49382.855 51678.902 87055.45 54392.29 77662.29 105975.27 102928.945 59519.195 42942.117 34626.047 60209.312 113631.92 47495.254 95572.414 36061.34 27948.62 49324.26 56966.113 83080.12 83729.82 71655.4 49907.93 68837.92
