75 100
9 73 26 48 68 4 19 24 69 36 53 65 57 41 42 59 3 30 2 45 21 12 23 52 1 51 25 5 10 18 35 55 14 54 34 60 37 62 29 71 43 15 33 7 58 44 39 11 66 20 63 32 8 38 49 50 67 40 6 56 64 0 16 13 46 70 22 28 74 47 31 72 27 17 61
40 6 36 38 30 62 41 23 51 49 22 66 67 70 32 42 24 54 43 29 60 68 9 12 7 72 37 52 69 4 17 73 63 19 33 47 35 5 18 74 0 20 50 46 2 3 58 34 13 31 11 53 15 56 57 14 16 25 59 64 61 55 26 28 44 48 45 21 1 39 8 10 71 27 65
42 56 55 10 41 16 60 38 73 4 52 22 72 15 66 24 69 2 67 0 39 47 8 23 31 6 5 32 71 46 19 14 48 36 26 27 20 59 25 45 54 21 65 58 61 62 17 34 74 51 57 70 49 37 9 28 50 43 68 7 18 64 29 33 3 1 40 35 13 30 11 44 53 12 63
6 47 43 57 48 63 68 20 37 10 50 58 46 62 60 39 31 44 28 26 36 14 9 27 33 21 38 16 3 34 8 54 41 30 51 24 17 12 11 13 5 32 52 64 7 65 71 55 70 35 40 19 0 69 29 42 53 22 67 74 56 1 15 25 49 18 73 66 72 2 45 61 59 23 4
60 2 36 45 63 40 35 56 50 19 73 7 0 41 1 13 58 10 46 37 43 16 42 6 9 69 51 72 23 66 30 15 21 67 57 70 61 12 22 11 53 55 48 26 49 39 62 38 3 14 28 20 31 17 47 25 65 71 4 34 74 68 64 27 59 29 18 52 54 24 8 33 44 32 5
59 57 53 37 4 23 14 55 11 6 29 28 2 52 38 19 46 62 31 8 34 33 16 20 74 67 68 45 0 25 22 51 15 18 42 49 32 9 63 35 43 71 65 40 70 12 56 69 5 7 10 60 66 26 36 30 54 17 3 58 41 39 48 73 21 24 47 27 72 1 13 64 50 61 44
25 40 72 73 50 52 59 24 4 3 0 12 55 46 45 19 10 61 13 66 48 43 30 67 17 27 37 5 35 68 54 28 41 14 44 16 22 49 63 70 39 38 69 74 47 62 58 65 32 11 64 71 21 33 15 23 1 57 26 53 20 8 29 31 18 51 6 36 9 42 2 56 7 60 34
0 41 66 5 46 57 49 74 29 26 68 6 31 52 16 43 19 50 48 38 69 9 24 1 37 54 44 18 8 4 73 64 39 65 36 53 47 59 13 42 22 3 14 33 45 71 20 51 70 25 58 40 27 62 23 34 10 12 30 32 2 15 60 17 21 61 7 63 67 11 35 28 72 55 56
50 15 12 9 22 8 57 30 24 74 6 4 52 33 14 54 64 42 55 26 29 56 34 47 51 71 48 66 31 68 25 65 3 16 18 13 23 58 49 69 60 0 46 5 43 62 70 36 61 11 72 27 39 37 21 17 53 10 2 32 38 73 19 40 59 44 41 35 67 20 45 63 7 1 28
8 71 74 4 19 28 13 47 35 5 45 42 67 54 53 57 64 48 29 51 14 22 21 55 65 12 25 33 17 63 32 46 69 18 16 59 37 49 61 58 34 24 6 50 44 31 70 56 30 26 36 15 1 62 20 9 43 68 0 10 73 2 7 41 11 27 66 23 3 72 40 39 60 38 52
31 67 56 10 3 45 24 71 44 52 15 46 69 42 21 30 12 72 18 68 9 58 66 53 47 64 25 60 34 22 27 63 39 26 48 59 73 41 50 70 7 61 51 57 36 43 19 20 38 23 17 4 2 5 29 40 16 1 11 13 8 37 33 54 65 14 62 28 74 0 35 32 6 49 55
24 33 59 39 14 42 23 4 8 0 26 22 16 37 41 67 25 2 74 49 21 70 27 1 32 52 46 17 65 5 11 71 47 61 29 40 64 73 6 69 35 7 51 57 12 9 19 62 3 60 43 44 20 38 68 30 56 63 72 36 31 10 28 34 13 48 15 18 53 50 54 66 58 55 45
22 36 64 52 13 33 12 54 37 58 30 48 41 2 45 23 21 38 28 50 70 71 57 42 17 55 31 3 68 16 0 11 8 5 62 6 44 46 25 73 65 9 43 47 69 66 4 20 51 29 34 56 10 67 14 26 49 19 61 72 59 40 1 27 74 32 18 53 39 15 24 35 60 63 7
68 27 60 59 9 26 57 63 52 3 28 72 31 70 55 8 62 24 40 23 17 15 5 36 32 54 4 50 20 34 43 66 22 25 6 69 16 49 64 44 0 58 42 71 7 13 61 53 35 48 37 2 10 21 38 46 30 1 14 67 11 74 51 39 33 18 56 73 41 19 12 65 45 29 47
51 54 50 73 29 14 26 25 56 65 37 67 47 22 31 2 60 40 20 58 6 52 64 34 45 66 49 61 70 57 74 8 43 27 48 19 18 13 71 41 59 15 10 12 36 46 1 42 35 0 30 9 63 62 72 23 69 17 3 68 4 28 38 24 55 39 7 53 32 21 5 16 33 44 11
34 27 20 50 17 60 4 69 37 28 19 68 67 31 55 65 1 33 14 59 40 53 56 62 70 51 64 30 5 58 61 12 48 35 0 54 42 44 72 21 7 63 47 71 6 23 24 38 39 15 52 25 74 2 18 43 10 13 29 11 3 26 8 16 22 36 41 73 9 49 45 32 66 46 57
40 13 38 15 43 53 8 70 10 71 5 25 1 35 51 58 44 32 42 52 55 29 46 4 33 12 19 2 36 30 14 26 7 62 41 34 69 3 27 57 72 67 9 24 73 39 59 16 68 74 6 31 50 60 22 45 11 56 18 63 28 23 17 49 37 54 61 66 48 64 0 65 47 21 20
51 15 33 18 66 60 21 67 37 17 11 23 13 71 40 65 58 10 30 49 72 20 3 52 19 53 41 57 7 22 34 54 61 1 73 0 63 55 25 26 36 64 24 6 69 4 44 28 70 29 27 50 35 9 45 39 62 5 14 31 32 38 74 59 43 8 68 2 42 16 56 48 12 46 47
47 17 46 65 48 37 15 64 18 11 6 53 0 22 56 7 54 50 13 36 10 34 61 45 68 71 72 43 19 32 58 25 31 66 2 30 70 8 59 74 27 20 14 62 5 3 24 29 23 28 73 21 69 67 42 63 55 9 44 39 57 33 40 49 60 16 26 12 51 1 4 35 52 38 41
38 14 63 57 9 28 53 7 43 32 46 54 2 1 3 55 56 21 59 67 6 13 34 37 19 71 0 25 17 4 45 52 73 47 27 48 51 58 74 39 42 40 65 61 16 10 20 36 30 33 66 15 29 50 8 60 22 31 41 5 62 69 18 26 35 11 23 64 44 68 12 24 72 70 49
68 53 6 38 34 16 64 58 62 63 73 4 65 22 18 36 33 30 54 39 56 50 23 42 21 11 69 51 55 15 35 66 49 29 13 44 74 70 8 3 26 57 60 5 32 19 46 72 59 20 52 0 47 2 27 61 17 43 7 40 25 9 48 45 12 71 67 28 24 1 37 10 31 14 41
62 70 31 25 57 49 24 18 9 19 73 66 42 34 15 39 21 71 8 3 45 65 64 47 16 68 30 48 26 41 56 43 12 53 27 11 46 13 59 52 51 37 5 35 63 40 54 23 20 38 6 22 50 44 61 72 10 36 4 60 55 58 33 32 17 69 29 28 74 0 1 67 2 14 7
29 43 58 17 21 30 36 62 34 14 11 5 15 63 56 55 0 37 13 22 19 10 20 39 23 8 25 68 57 66 33 1 47 6 54 42 27 16 52 74 50 4 2 61 12 69 40 65 3 44 24 26 64 32 7 70 28 72 41 73 38 31 53 59 35 18 48 71 51 49 45 60 46 9 67
58 32 9 74 65 39 8 73 44 16 14 54 70 43 20 64 60 48 45 24 21 40 41 63 0 53 62 47 3 71 15 2 19 36 34 23 26 55 49 67 11 29 27 4 66 72 12 50 10 31 1 17 52 30 37 38 28 18 59 57 22 13 7 6 61 69 33 51 46 68 25 42 56 35 5
60 43 28 34 10 57 31 58 36 35 29 38 8 16 74 7 62 68 54 18 63 27 72 30 44 4 42 71 21 37 67 32 11 23 48 9 12 73 40 70 26 61 39 66 6 22 0 14 56 55 53 52 33 13 3 69 45 41 19 50 49 25 64 24 17 15 5 2 65 59 51 20 47 46 1
21 56 0 19 39 62 37 49 20 35 46 54 59 73 63 1 30 47 4 15 11 36 31 38 22 70 68 13 25 44 42 17 3 27 58 74 7 9 53 33 8 45 65 66 12 14 18 6 41 55 23 48 51 61 69 72 43 34 67 60 71 52 32 5 57 29 16 26 24 40 28 50 10 2 64
46 59 64 1 9 51 11 5 65 18 33 30 54 47 49 10 4 60 25 16 68 52 7 38 43 15 56 27 45 14 58 23 12 67 70 50 73 28 53 48 71 31 61 32 2 29 0 35 66 69 24 62 57 74 44 17 72 37 6 3 20 13 22 39 40 63 34 21 26 42 36 19 55 8 41
0 19 13 10 20 73 33 30 2 37 74 61 71 47 16 55 51 62 17 50 27 8 5 60 9 70 34 58 52 57 64 3 36 45 15 67 54 63 25 53 21 24 4 56 46 26 6 14 42 72 29 18 31 65 66 59 32 22 49 39 12 35 69 68 41 40 1 43 38 48 7 11 44 28 23
25 47 43 6 9 36 66 1 32 13 29 45 33 40 23 35 63 7 67 27 20 5 65 58 22 15 49 8 41 44 0 26 48 70 34 61 24 28 68 59 19 31 57 52 71 73 3 16 4 74 50 54 10 2 11 51 17 53 39 60 21 72 46 64 37 14 30 18 69 42 56 55 38 12 62
51 14 64 7 39 68 5 44 24 0 8 34 13 23 10 69 52 11 18 42 74 60 54 56 3 45 35 57 59 27 53 72 61 28 17 50 55 62 33 40 46 49 20 9 58 26 31 37 19 41 12 65 63 70 21 6 15 29 73 25 71 47 22 38 36 2 43 1 4 67 30 16 32 66 48
65 23 73 5 12 34 1 10 35 53 7 44 61 64 24 15 20 4 3 39 46 71 55 54 11 69 68 57 47 62 30 27 67 2 9 31 26 42 32 48 60 28 21 40 45 36 25 72 38 29 16 0 33 51 70 18 6 49 17 56 19 37 58 14 22 66 63 59 13 74 52 50 8 43 41
68 54 57 74 25 14 26 20 49 73 3 27 69 59 55 52 62 2 10 64 8 29 47 1 22 13 71 9 24 43 67 63 33 50 66 46 70 19 12 5 32 72 42 39 36 40 7 48 28 11 41 30 4 38 18 6 0 15 58 51 31 23 37 65 61 45 35 44 60 34 21 16 17 53 56
6 0 26 51 49 41 35 37 62 53 42 27 40 54 2 10 3 72 28 66 24 56 29 69 5 16 8 67 59 64 65 18 31 34 1 21 74 38 30 68 15 17 47 22 63 12 50 33 61 7 25 60 11 46 45 57 44 36 32 43 23 58 70 48 4 9 19 14 13 73 52 39 20 55 71
57 22 29 19 73 3 33 44 10 30 71 17 64 20 59 25 45 21 54 35 49 43 18 36 63 39 23 34 47 8 40 41 38 58 11 50 14 65 1 4 56 60 37 24 46 68 6 53 70 55 27 74 48 2 26 69 32 5 62 28 67 9 51 13 12 52 16 0 31 15 61 42 66 72 7
24 72 57 45 2 3 73 21 12 18 63 6 9 71 40 10 42 58 47 14 31 50 36 64 55 37 20 4 19 48 60 44 54 16 1 30 53 8 27 35 26 43 7 56 39 68 0 15 62 38 66 13 65 5 32 69 46 34 61 67 74 17 28 23 25 59 41 52 22 33 49 70 51 29 11
20 3 16 70 4 7 62 33 18 74 12 57 54 71 38 23 49 65 64 21 22 68 0 17 51 19 73 32 24 15 61 53 45 25 43 59 1 47 31 30 56 52 35 2 37 8 14 39 67 63 46 40 69 29 6 55 9 10 50 58 34 13 66 72 42 11 60 36 26 27 48 5 41 28 44
46 45 44 25 42 53 58 50 51 15 39 29 21 64 20 5 23 61 0 54 49 38 22 30 63 34 31 68 48 7 10 16 62 17 28 3 27 8 56 40 24 71 11 72 19 43 2 33 70 60 74 9 12 13 52 67 47 18 59 69 57 35 37 4 55 65 73 36 66 32 41 6 14 1 26
25 19 54 63 49 10 9 51 31 37 59 0 13 44 62 33 3 58 32 53 8 16 14 20 56 70 48 15 29 28 18 40 74 17 7 55 12 72 1 41 39 27 60 64 61 36 46 23 5 6 47 30 35 26 2 24 68 66 21 34 38 4 65 11 69 71 67 57 45 50 52 22 43 73 42
57 11 42 16 2 1 59 6 53 51 64 61 65 17 0 63 62 72 40 9 7 49 4 22 31 18 54 24 39 14 29 26 43 66 38 55 47 58 19 45 70 67 20 71 52 27 13 12 34 8 46 28 41 74 50 37 23 36 35 69 56 48 25 3 33 5 21 60 15 30 68 73 10 44 32
9 44 1 71 42 61 24 68 0 28 65 63 36 51 58 21 33 62 20 55 69 15 7 47 31 45 35 26 39 40 49 67 13 3 56 10 52 70 73 25 29 22 38 72 30 74 4 48 23 59 50 41 43 66 54 46 60 64 27 12 17 53 11 34 5 32 19 8 18 16 57 37 14 6 2
14 22 57 23 58 61 48 65 59 35 6 9 8 37 70 27 12 42 53 46 54 41 19 64 55 33 32 49 2 56 5 24 74 3 60 43 16 20 21 66 40 26 31 10 62 28 15 34 7 52 4 50 18 36 63 17 30 72 25 51 38 0 67 29 13 11 68 47 73 69 45 1 71 39 44
23 14 60 59 18 49 70 6 39 12 68 51 74 52 29 71 30 36 9 62 26 67 16 20 32 72 66 47 1 53 4 42 11 27 21 25 57 33 61 65 43 56 40 0 19 41 3 13 55 34 17 10 24 48 50 45 31 46 5 35 7 8 37 54 15 64 58 73 2 69 22 38 44 63 28
36 50 9 3 31 42 16 61 73 18 4 6 62 58 38 26 43 34 56 30 70 22 17 1 33 55 46 25 69 23 41 74 24 45 72 63 68 65 67 8 19 51 54 12 59 13 71 53 35 39 27 49 7 66 48 11 52 5 40 20 29 47 15 37 60 44 21 14 2 0 64 10 28 57 32
53 31 3 68 25 63 50 23 40 52 64 70 62 4 45 72 60 66 6 67 14 47 7 27 20 58 26 48 35 0 2 74 49 32 1 17 38 29 15 19 30 56 44 65 11 43 8 33 54 71 41 57 59 37 13 34 28 69 22 24 36 18 51 9 12 21 61 42 73 10 5 39 46 55 16
63 55 27 49 52 45 30 16 43 32 67 0 68 18 2 40 69 70 14 22 8 56 54 11 10 64 31 24 47 29 48 41 5 53 33 25 51 12 61 44 21 50 59 74 60 39 23 37 42 28 19 6 71 13 1 34 17 57 26 66 36 65 20 73 35 3 4 58 9 38 72 46 7 15 62
41 73 1 67 17 15 8 70 18 3 35 60 13 59 2 74 48 31 58 66 14 55 52 24 49 25 6 61 5 69 26 21 16 36 34 10 63 30 43 28 54 9 51 56 11 29 33 50 38 19 40 72 46 71 62 53 7 65 42 44 0 23 64 68 39 47 22 4 12 37 57 45 20 27 32
34 15 5 56 33 13 8 31 63 25 17 72 35 53 1 21 48 52 61 51 49 46 41 11 50 28 42 67 59 14 24 74 6 32 44 30 58 29 22 7 57 23 3 39 27 70 19 16 62 55 65 2 68 43 69 64 71 38 18 60 12 73 20 9 47 66 45 40 0 37 36 26 10 54 4
2 12 71 34 70 20 17 32 72 19 1 47 51 15 18 67 44 58 36 30 39 42 38 5 11 0 14 8 52 45 50 31 48 40 7 56 60 65 46 22 69 49 6 66 33 43 62 53 35 74 16 25 57 68 13 54 73 4 21 59 37 10 23 3 26 61 63 24 64 41 55 27 9 29 28
54 10 21 12 34 7 48 72 46 13 32 2 30 24 14 71 61 23 62 19 29 16 70 26 64 50 11 9 44 45 65 51 3 22 53 43 58 20 69 56 35 0 25 39 42 68 66 15 6 5 59 18 47 36 27 55 67 49 4 74 52 38 40 37 60 41 1 33 63 57 31 17 73 28 8
34 55 19 70 41 30 1 59 14 5 31 37 48 0 15 47 56 29 17 60 18 62 28 68 22 65 26 53 72 32 45 35 71 16 69 21 2 44 6 20 52 40 39 42 11 8 3 4 67 23 12 58 51 64 61 27 25 9 7 50 74 13 54 38 10 57 24 46 33 63 36 49 66 73 43
65 3 19 26 62 66 21 20 42 17 9 46 27 32 2 6 16 71 23 1 69 13 50 63 70 59 60 40 52 8 4 31 57 45 18 54 37 34 72 58 74 25 48 39 38 55 14 36 49 12 64 41 43 53 51 61 11 22 73 10 56 68 35 7 5 29 30 33 47 24 28 44 67 15 0
16 61 9 71 60 22 32 55 39 0 31 23 63 8 27 4 51 6 47 73 34 69 64 15 1 2 50 25 67 48 52 38 29 12 24 62 13 28 45 3 53 26 21 19 70 35 20 30 33 54 46 74 49 72 37 66 43 65 59 44 7 18 68 36 5 56 58 17 10 42 41 40 14 11 57
51 21 3 23 30 16 71 7 28 65 31 35 55 27 34 9 47 19 13 24 70 38 6 15 68 22 48 20 64 41 1 36 33 11 53 2 4 12 57 52 37 25 17 50 26 72 74 42 5 60 10 54 66 8 58 46 43 61 62 18 29 32 73 67 49 0 40 45 39 69 14 59 56 63 44
33 30 65 12 34 4 27 5 36 51 17 15 23 66 40 54 6 71 20 0 9 37 43 45 56 47 3 11 44 48 22 28 10 63 21 41 26 24 59 31 67 57 46 74 13 2 8 62 70 16 73 35 25 38 58 18 55 19 49 68 1 72 39 60 52 61 50 14 53 32 64 42 29 7 69
46 9 19 51 1 40 74 39 25 60 4 52 45 34 50 71 48 14 0 63 35 61 27 59 15 42 36 30 32 44 49 21 16 26 11 29 67 66 41 23 53 64 43 31 33 70 28 5 47 3 68 57 8 10 7 54 56 58 55 12 22 69 24 18 20 2 17 13 72 37 62 6 73 38 65
25 44 59 15 67 18 57 50 53 46 3 27 34 0 55 61 33 39 29 23 36 56 70 38 1 5 14 68 22 32 28 69 62 54 47 4 20 19 42 66 63 16 49 11 37 58 52 7 65 26 73 43 45 51 9 8 74 12 6 31 30 60 21 13 41 64 40 72 10 24 71 35 17 48 2
39 5 19 48 67 25 30 3 55 44 0 63 22 72 7 23 53 40 56 35 14 47 2 42 1 70 57 54 18 10 68 12 58 26 17 28 37 59 46 15 6 45 24 74 61 33 32 9 69 36 13 27 29 65 64 4 52 73 11 41 51 50 62 31 21 34 16 43 71 66 8 49 20 38 60
23 26 49 8 64 58 6 15 22 27 29 50 38 73 31 55 7 62 72 25 1 11 66 56 74 3 37 24 69 19 4 33 63 20 14 36 28 44 67 0 32 43 45 34 52 60 5 57 59 13 30 71 47 42 40 9 68 70 17 10 35 18 2 65 51 61 48 16 39 12 54 21 53 46 41
74 55 69 65 8 39 57 23 24 6 33 27 10 26 46 21 59 66 36 32 4 37 17 34 44 72 14 61 7 50 13 29 2 19 43 1 30 5 28 15 31 0 60 53 41 64 56 51 20 73 70 54 25 68 35 58 63 62 11 45 12 18 49 22 42 47 40 71 52 67 16 9 48 38 3
26 17 62 42 5 73 41 1 29 65 10 7 56 46 25 21 24 36 67 63 74 0 51 12 43 32 6 3 2 40 11 35 71 54 27 69 37 70 30 61 44 19 47 59 9 68 14 23 66 18 22 31 38 48 64 15 28 58 4 55 8 49 33 45 60 50 52 13 53 72 34 39 16 57 20
66 56 9 47 16 3 31 25 24 44 13 23 48 51 33 54 37 72 18 39 57 65 40 62 38 28 70 35 55 11 67 59 64 6 1 20 5 32 52 4 34 0 7 21 68 63 53 26 71 30 74 12 69 50 60 42 22 10 2 15 8 19 45 43 29 14 61 73 46 49 58 17 27 36 41
25 8 71 70 37 63 54 49 41 50 32 13 68 28 42 72 19 43 3 36 59 47 56 66 69 60 39 16 24 1 15 74 34 11 26 29 20 40 30 14 27 18 9 7 23 53 12 35 33 51 64 2 45 62 65 55 10 17 6 57 31 46 67 58 4 38 48 61 21 22 44 73 52 5 0
73 48 2 0 10 38 60 16 51 24 45 36 30 64 3 43 49 22 55 74 21 58 33 59 11 35 68 18 1 26 17 40 28 52 34 7 62 70 50 46 72 61 67 42 47 53 39 27 14 6 8 65 23 4 63 15 66 12 37 13 20 19 54 57 44 71 9 69 56 41 31 29 32 25 5
29 23 4 3 68 21 20 19 71 43 14 0 16 18 26 24 28 61 25 52 62 6 47 36 12 58 32 53 51 10 74 9 48 15 8 69 56 1 33 22 27 41 45 13 17 55 66 57 40 11 49 70 39 31 72 64 63 65 42 37 34 50 35 30 54 46 60 44 5 38 7 73 59 2 67
64 13 71 48 59 52 54 56 57 74 9 67 7 10 26 1 4 38 33 73 11 32 16 8 19 62 44 40 6 65 21 66 25 68 49 24 14 53 35 72 47 30 42 29 34 5 36 45 43 70 39 37 27 28 46 15 50 41 18 12 58 51 3 63 60 69 0 31 17 22 23 61 2 55 20
19 15 69 66 29 50 63 55 27 42 39 31 61 37 48 4 73 32 7 72 53 49 57 52 71 45 59 9 24 6 40 23 10 33 5 21 12 58 25 34 62 74 38 17 65 2 11 60 14 8 30 3 1 18 47 16 43 70 44 13 67 54 26 41 51 64 20 46 0 36 28 22 35 68 56
65 7 47 38 48 74 8 33 52 43 19 26 22 62 25 60 57 56 55 28 50 34 45 73 69 16 6 4 72 40 5 32 20 30 12 61 41 9 14 46 3 2 64 17 29 39 21 54 70 44 1 59 10 68 37 35 24 13 23 0 31 63 42 49 11 67 53 15 36 58 51 18 27 71 66
15 30 43 47 2 28 21 5 72 8 23 54 32 19 22 35 45 68 9 6 61 51 36 13 50 58 53 48 41 12 73 42 39 64 29 27 26 67 16 37 1 11 52 7 0 57 44 65 18 24 38 55 25 63 10 17 46 62 33 74 3 31 70 20 66 49 4 71 59 40 60 14 34 56 69
30 69 38 42 43 29 32 68 22 14 0 12 50 55 59 44 24 37 26 63 74 57 7 45 62 67 20 51 2 31 33 28 72 73 40 6 11 47 58 27 66 10 18 25 21 46 1 16 8 36 54 61 17 71 48 65 35 15 4 52 34 13 3 9 5 19 49 60 39 70 53 41 56 23 64
38 41 54 40 65 35 26 8 71 44 50 10 59 36 72 0 63 32 29 51 12 17 42 61 6 74 15 52 2 4 70 3 5 57 25 33 31 68 24 1 67 37 49 45 56 47 30 7 23 66 69 55 73 16 19 39 18 58 11 43 22 28 27 53 60 20 34 48 14 21 9 46 64 62 13
42 44 58 34 5 1 6 24 72 10 64 61 31 55 54 59 73 2 14 18 21 68 23 62 25 13 46 4 16 52 17 71 7 0 66 53 28 12 9 56 57 36 43 74 49 48 51 30 19 15 20 26 39 32 69 65 29 38 37 40 50 8 22 45 11 3 47 33 70 41 63 60 35 67 27
66 4 6 2 42 40 50 58 8 12 52 35 45 30 37 23 71 27 3 56 48 43 11 29 70 16 13 60 7 26 31 72 15 14 22 49 73 21 34 5 18 9 65 67 51 25 24 38 74 46 33 61 0 28 36 54 20 41 63 47 53 69 44 1 10 19 17 32 64 55 68 62 39 57 59
54 22 38 69 45 63 74 58 52 4 47 35 3 0 36 48 28 18 55 13 39 62 60 5 57 23 7 70 51 72 12 30 68 20 34 59 50 26 14 32 11 42 44 41 56 33 9 66 27 6 61 40 10 73 21 19 15 37 65 24 49 2 17 46 31 43 29 25 1 16 71 53 64 8 67
12 54 31 69 32 38 14 61 8 34 37 10 40 67 36 70 57 1 24 47 26 42 29 71 72 35 46 18 73 5 20 63 13 4 64 7 9 27 6 44 25 41 55 17 62 66 60 43 2 19 33 15 23 51 49 65 21 56 30 50 0 48 52 28 53 59 68 22 39 74 16 45 3 11 58
74 70 37 42 65 35 53 49 38 1 28 4 10 69 57 66 20 34 39 21 9 68 45 62 22 36 40 58 64 59 32 52 29 7 26 14 54 71 2 44 33 60 46 61 13 63 51 48 72 30 31 11 55 25 5 23 15 67 0 3 27 12 47 17 8 24 56 19 6 73 16 41 18 43 50
66 62 2 20 0 28 9 55 27 33 25 67 73 51 44 48 8 43 11 72 4 65 26 32 37 57 18 13 42 47 58 21 31 22 34 29 3 69 23 71 6 70 41 61 24 15 68 12 16 30 5 40 35 50 45 60 53 1 52 36 54 74 59 19 46 10 64 7 39 17 49 14 38 56 63
59 16 65 36 33 18 22 4 34 70 14 31 73 6 30 51 38 41 57 67 39 50 64 54 7 49 74 40 23 52 10 43 12 37 62 32 8 26 60 1 42 9 20 66 15 68 19 69 21 35 48 63 29 27 56 17 45 11 44 28 61 5 58 25 24 2 72 46 53 55 47 71 0 3 13
65 18 46 37 44 73 67 39 60 51 62 2 9 63 5 43 7 12 52 50 42 47 11 59 68 30 19 61 72 56 21 45 69 55 54 38 64 57 70 23 14 66 28 27 20 3 53 4 15 35 36 22 13 33 29 71 58 17 6 48 0 25 8 40 16 34 41 31 74 24 32 49 1 10 26
48 72 74 15 63 50 44 10 20 7 62 35 52 17 11 5 37 68 30 13 9 51 57 46 0 73 29 55 56 69 26 14 28 70 1 39 47 21 53 43 38 31 32 49 66 36 61 33 8 24 27 60 25 23 71 3 16 12 40 2 67 54 22 19 59 64 18 45 58 42 65 34 4 41 6
16 67 3 65 19 42 11 15 43 30 35 49 56 66 72 39 68 2 22 70 41 13 31 57 20 69 53 9 63 0 58 40 55 10 4 7 1 73 25 8 29 61 12 14 59 60 21 32 18 27 33 64 52 34 37 26 54 62 47 44 45 24 50 5 28 48 51 74 46 36 38 71 17 6 23
38 42 51 34 13 48 5 52 70 43 8 72 60 17 68 56 4 28 37 47 22 25 64 49 39 71 41 44 66 67 53 3 16 2 14 1 21 61 45 12 58 69 32 59 30 29 24 10 15 19 54 31 7 55 27 62 0 26 35 50 11 73 20 18 46 9 65 63 74 57 6 33 23 36 40
65 72 73 38 70 53 3 58 8 35 39 21 5 67 9 37 40 34 6 13 28 50 41 33 27 45 49 22 69 64 57 2 15 18 24 63 31 51 1 4 74 59 62 68 10 48 26 25 47 30 14 66 61 42 46 44 16 19 20 32 17 36 0 23 29 7 71 43 56 12 52 11 60 55 54
32 63 19 17 1 27 24 22 5 37 34 6 30 8 66 47 56 11 65 49 20 2 72 36 31 73 41 69 44 18 16 48 59 0 58 42 39 33 15 52 74 57 54 13 7 71 25 68 61 23 40 35 4 12 14 29 70 28 10 53 45 21 26 46 43 50 62 67 60 51 38 3 64 55 9
73 67 35 5 24 12 29 71 18 68 4 52 15 2 44 9 58 32 40 16 33 74 21 60 51 27 25 37 30 7 62 57 45 43 13 53 70 46 42 48 19 26 6 10 64 63 61 41 66 56 38 72 65 31 59 0 34 69 39 54 20 17 55 3 50 22 49 28 36 11 47 14 1 23 8
29 43 68 51 22 69 9 70 7 58 11 31 0 59 60 50 5 19 49 15 41 55 28 39 1 38 63 67 10 72 36 4 40 33 2 35 13 47 6 18 65 27 20 17 30 56 14 53 52 66 61 46 74 71 62 8 73 21 45 54 34 37 25 12 26 16 23 64 3 44 24 57 42 48 32
69 51 27 41 11 43 16 67 36 40 58 23 28 44 45 29 57 34 30 56 31 26 18 20 25 3 15 22 7 6 10 42 64 46 13 19 4 35 62 59 9 37 5 24 49 8 38 55 54 61 68 21 65 53 48 39 33 73 60 32 72 1 74 2 0 52 71 17 50 66 63 12 14 47 70
58 20 14 10 2 27 45 9 25 52 59 19 38 74 35 56 43 39 66 60 21 37 57 72 33 23 49 24 42 61 11 13 54 50 28 17 65 22 5 32 46 69 8 3 70 71 18 34 1 0 16 15 67 26 29 62 40 53 41 51 68 30 4 6 63 31 48 47 44 73 36 7 64 55 12
58 20 34 57 38 46 63 24 31 45 23 41 43 25 9 61 28 59 36 21 22 62 16 48 52 3 66 7 56 49 32 26 71 69 33 27 47 64 67 70 68 8 15 53 10 44 18 35 14 60 54 65 39 6 2 5 13 37 19 55 1 74 30 73 42 29 72 50 4 17 12 0 40 51 11
68 44 4 6 47 45 19 30 69 21 10 2 42 39 55 22 13 15 50 37 9 48 34 72 14 16 61 25 11 58 41 54 17 24 53 1 63 3 71 26 65 67 36 31 8 20 64 38 60 66 73 40 5 32 0 27 46 49 74 28 51 29 33 57 52 56 7 43 59 70 35 12 18 62 23
33 24 65 49 37 0 3 10 47 40 19 5 31 67 7 48 52 63 56 2 34 12 26 44 27 36 32 59 18 39 17 60 41 23 43 66 4 62 14 15 20 74 8 68 69 53 57 72 61 29 9 46 35 25 64 16 50 71 73 30 22 42 45 6 38 11 55 28 70 54 51 21 58 13 1
14 29 67 0 46 32 26 28 54 10 43 68 74 6 8 19 38 5 59 39 2 62 69 50 25 72 53 37 56 16 60 57 64 11 27 47 45 71 20 44 61 58 4 55 52 65 12 23 49 15 48 31 34 35 9 13 21 70 7 73 40 22 1 51 18 42 66 33 30 41 63 24 36 3 17
51 43 3 64 29 21 44 20 68 39 57 47 32 30 46 36 28 42 69 1 26 27 34 17 19 8 35 54 24 74 22 9 10 58 37 31 11 38 33 6 50 5 67 53 41 18 14 55 49 52 13 73 0 71 66 16 40 56 61 2 23 7 63 12 62 70 45 15 4 48 72 25 60 65 59
18 55 61 3 57 66 24 23 67 22 41 1 29 21 71 40 44 46 25 33 0 53 37 14 34 74 28 65 7 36 51 52 30 32 43 26 15 54 4 31 63 27 2 6 59 11 12 70 38 16 48 13 64 56 5 49 35 9 19 60 42 17 68 8 45 10 47 39 20 58 62 73 72 50 69
57 37 52 27 23 7 62 16 46 11 28 29 70 20 44 71 43 9 17 53 47 21 59 50 8 45 39 30 60 58 31 49 33 3 36 0 41 6 72 38 73 10 65 4 69 26 54 42 63 19 66 74 40 67 35 34 51 15 24 25 55 13 12 18 2 5 64 56 14 22 68 1 61 48 32
45 16 21 62 53 8 4 56 5 13 63 26 73 19 68 66 57 22 50 59 23 3 44 43 58 41 31 71 6 35 12 30 25 34 1 55 46 7 37 70 52 67 60 54 48 28 33 14 29 65 69 10 11 64 51 36 74 20 38 47 27 42 9 24 40 49 39 18 32 72 2 15 61 17 0
47 14 24 23 73 71 74 26 33 46 12 48 4 53 35 3 0 58 5 43 6 64 72 41 25 1 8 16 56 66 45 63 22 39 9 31 17 11 20 40 29 67 28 70 18 38 15 44 30 13 19 69 62 68 37 57 2 55 50 42 61 59 7 65 10 51 27 32 21 54 52 36 49 60 34
52 68 27 60 32 48 33 35 34 5 55 58 64 1 41 36 70 8 46 45 12 21 24 69 53 38 22 73 37 13 51 18 11 67 3 10 47 42 63 49 16 66 40 65 4 29 54 62 44 15 57 71 74 14 50 0 2 20 6 17 26 61 72 59 30 31 9 25 7 23 28 19 56 43 39
65 11 0 69 54 38 6 31 7 46 55 61 2 44 4 8 52 63 74 36 50 28 70 34 64 49 22 37 72 45 53 15 67 43 1 60 18 26 35 47 40 57 71 17 14 41 59 32 3 68 56 20 10 13 12 66 16 25 73 48 27 9 23 30 33 29 24 19 51 42 62 39 21 58 5
18 72 1 68 13 73 40 44 43 33 8 50 2 49 16 5 52 71 27 9 70 20 3 30 42 32 59 62 26 6 28 60 46 31 15 12 57 74 39 34 65 4 66 25 67 69 41 48 22 23 17 51 14 19 29 11 64 54 7 21 47 45 10 53 24 38 58 36 35 55 0 61 56 37 63
64 73 40 63 58 12 69 20 65 27 43 1 47 42 55 26 56 21 49 50 45 46 24 39 8 60 71 3 70 38 15 74 54 25 37 48 44 17 61 57 31 66 0 22 4 35 32 6 13 33 52 28 51 7 41 67 68 16 59 62 72 11 19 2 29 5 53 9 18 23 36 14 10 30 34
641251
519835
648952
607977
570822
417757
503134
637135
430890
546226
503147
503214
591038
401110
584053
610558
594447
507340
471740
571762
658443
619632
508026
460866
631250
433042
461183
542508
489368
500143
510975
628884
511028
637790
407996
494493
487925
555772
570548
599225
657973
435569
541961
555037
607690
462227
418168
412193
470568
471818
597917
476993
397560
547404
427537
430093
613242
429773
503443
631219
511431
495446
565833
551251
622856
421730
467447
591191
457469
507389
430671
578957
616801
587524
641535
75623.8 88955.84 78822.68 15141.079 67232.88 58190.94 9212.339 95829.31 75061.06 112027.33 128597.47 87674.29 5575.246 91875.88 7852.528 41810.754 63077.684 9879.022 81460.02 86153.04 36370.773 64652.188 76767.14 32245.559 67948.2 28880.406 53181.402 30362.914 78636.586 103764.36 17677.498 25714.594 17886.33 93956.37 58463.395 53952.246 67249.125 27988.541 98872.6 118120.945 10709.603 51003.383 82607.04 52687.895 40249.285 77855.56 13626.772 92935.21 30750.443 101272.414 37786.94 50090.69 73290.25 67661.28 16985.607 87722.53 64464.832 82982.47 55624.395 79454.61 96195.836 116027.1 33969.105 54131.26 34237.973 66059.555 81519.81 60865.797 19974.35 6837.694 23376.396 96611.56 49439.33 38399.38 103138.08
17639.393 33186.156 25905.084 29582.084 43852.723 15029.898 33345.29 31770.842 29420.377 17952.549 24092.535 7470.611 37169.07 19823.908 33977.74 29996.662 20168.434 36949.773 26490.889 9585.131 31835.541 7085.994 21506.838 21603.465 40023.47 26007.082 20567.355 29287.049 2459.91 12350.668 29828.672 28699.512 27527.793 35505.984 8215.979 18324.578 6494.3164 23775.24 8194.07 24940.17 37776.484 27148.102 15278.133 32571.295 23451.766 5003.4233 38943.1 4130.5825 31359.297 12258.652 20207.518 12727.182 24448.69 8627.127 32370.244 11180.965 7681.8647 2457.8591 15688.751 9731.414 26349.406 23195.344 26214.754 14700.166 25105.09 15190.888 14739.89 37060.96 33494.113 32675.592 35496.773 14704.378 12222.654 21351.148 25147.893
53327.363 87754.66 65793.27 57840.516 94999.93 19461.959 56698.223 79913.625 85779.695 57653.062 61935.56 47470.043 57260.67 60365.297 53056.44 62731.11 55612.62 75169.53 74127.484 12834.035 78276.24 42829.484 57386.598 40177.465 86259.23 40077.86 60572.652 60259.605 31244.955 49963.258 64860.605 48903.203 58077.645 90908.664 32160.518 49089.73 25041.76 44510.08 39847.418 62523.816 68428.836 63900.47 53955.465 64513.55 65676.086 35168.742 68611.77 32389.736 71643.72 51376.133 36453.797 21296.205 68890.03 33816.273 53971.5 51138.05 22479.525 33237.83 46585.816 47205.73 65389.133 72515.805 62329.324 33299.848 50456.285 53542.11 7710.173 82620.82 66474.48 65784.555 69136.14 58700.477 31525.72 43759.68 71035.62
268.14706 16629.377 5992.104 22540.17 18291.445 20444.55 26631.244 10404.368 12517.877 15249.053 17481.736 9072.899 23157.42 9967.282 20779.322 14110.5205 4517.162 27716.621 8999.303 21062.486 16665.398 7358.8936 3760.4912 19260.312 17704.8 21394.123 7997.26 16626.92 11862.106 13337.083 17104.072 20336.158 16701.41 15150.552 10961.181 7309.9976 12618.468 15166.542 14554.09 14162.2295 22087.934 9151.674 8146.4663 11067.082 13000.832 11617.805 25045.432 12823.342 15148.384 11075.203 16158.689 17472.953 5425.8745 10148.95 27081.414 5119.74 14675.2295 12317.943 7170.625 6874.2607 8860.5625 14267.791 13817.373 12388.638 10698.447 3063.322 23904.82 18374.854 16752.584 23013.54 17445.482 6679.6445 12277.529 12605.356 14755.293
11973.178 67268.3 31910.035 83595.63 73052.09 55892.367 96830.13 42881.223 43790.38 36727.34 48410.195 18341.34 96319.97 29502.064 85666.72 54783.17 26002.646 93292.64 38291.176 55440.977 77545.23 14359.517 24268.898 56896.355 78556.62 72383.5 34456.82 64235.55 31598.635 35377.21 68075.21 75653.76 65241.055 59443.727 30967.299 34129.234 35487.375 55768.53 35109.27 39205.066 91166.84 44594.316 16686.844 59175.3 52393.88 19810.37 81481.055 29584.69 65439.113 24550.346 59995.418 49234.293 29502.494 27230.39 94086.58 6129.7725 39703.79 28175.795 29463.938 7510.7754 34884.87 39076.07 65506.637 41555.605 48624.855 20946.902 68398.484 77647.91 66144.74 77298.41 75188.03 13605.465 43792.617 46251.215 37032.938
5354.7417 6964.822 2198.0176 19820.645 12269.609 21920.486 19915.47 3449.9841 2744.2854 13087.77 14006.794 13159.403 23195.555 9974.92 19258.184 11788.884 5816.6934 21606.13 808.9165 18874.541 12792.523 11667.916 3097.9363 17114.537 9993.148 18822.893 7939.1196 13427.839 16891.2 13745.136 17135.34 18540.672 16303.902 4839.2466 12115.356 8937.268 13853.677 17164.559 14963.983 11273.726 19773.701 6548.552 8881.585 7617.153 11030.967 13114.178 20132.166 14190.108 12821.654 11157.201 18621.93 17701.037 2459.6873 13419.488 20893.516 8738.368 14385.13 13558.115 9336.699 10752.965 4098.8794 10663.091 12268.727 15241.799 12154.249 7124.981 24559.545 10892.036 15155.245 19651.9 14713.717 7647.0107 13516.25 14016.592 10649.778
51245.785 64771.83 51373.812 10323.776 47196.61 44366.38 13245.454 63096.49 55853.574 85892.14 95593.08 71763.15 13540.589 74658.414 4595.4614 24442.42 36722.324 15252.602 63194.16 72463.38 25331.742 47342.906 52076.71 18645.924 51812.406 20316.98 34931.848 16607.09 60349.555 89634.68 7207.96 18883.588 8005.777 66356.555 44631.15 36170.59 44495.68 14499.17 69932.445 84843.97 10729.607 38530.01 67180.6 36932.82 24533.537 60489.723 13179.164 68048.21 20109.982 80982.11 29701.82 46844.688 53313.527 48119.086 18858.418 58369.61 51371.484 58194.945 34816.785 55734.23 77704.62 77140.34 19575.412 37288.75 22955.521 45177.52 69739.445 46985.305 9834.102 7804.1626 11612.296 74653.586 37123.36 23445.326 96811.484
22599.426 35280.434 20331.328 75339.805 47719.883 66298.31 72585.74 15002.358 21957.68 21354.57 27627.318 28656.682 74420.164 12724.63 66241.54 46142.82 32646.357 81375.79 23098.865 63010.46 59616.875 36479.297 24186.17 56600.85 42526.87 69423.48 36939.61 57136.04 42202.582 32121.348 64804.336 62081.87 60375.543 27103.748 48386.785 41634.77 42183.344 62740.7 39244.1 11522.632 78897.586 32581.14 15300.877 43921.58 42836.31 35021.633 80681.81 36421.63 51131.55 27211.02 62174.7 60014.062 21990.074 45451.1 71503.67 22344.934 47742.945 39628.71 38805.184 27266.146 6070.657 12671.373 53195.457 45551.758 45051.797 31083.361 58073.367 47267.65 61279.844 70784.766 58743.477 13645.903 44905.16 58590.727 13204.115
36677.15 58439.113 37238.727 27408.75 47776.656 49815.06 39889.316 58003.934 52426.06 68331.75 87249.484 52641.07 38071.51 68986.21 26912.822 15157.305 24845.38 38976.887 50392.18 67261.79 32177.773 41787.008 34702.246 21146.883 51559.29 31770.814 15357.16 14166.943 51865.816 67034.54 18325.402 32281.354 20066.521 69666.06 32764.48 12983.694 44111.31 17955.605 62175.953 78548.36 33068.617 24125.512 54145.8 31869.9 10946.797 55834.477 34439.11 57530.227 18380.137 70250.72 24636.879 34525.902 38730.152 33403.215 41420.12 52854.203 41550.4 59945.082 18960.264 52790.68 64118.06 79353.07 14607.809 27075.78 2928.3994 29945.535 74087.53 47359.598 16134.715 34889.906 21865.154 60405.156 29822.26 12961.129 76619.73
33573.223 33545.66 24593.27 33146.97 29101.523 50049.457 41033.91 43969.777 34080.29 58004.016 70399.84 57307.59 34596.26 55618.6 32353.354 2026.0388 17709.268 37482.09 30289.008 56634.52 13460.215 36223.992 26896.842 33136.52 24507.773 43600.78 13759.44 11007.817 51273.715 68616.54 20243.229 38291.297 21685.709 43550.797 36827.324 15068.725 44648.14 22826.637 65153.605 64473.938 27878.611 12750.94 49271.17 12491.639 3869.9534 51888.035 30150.95 54244.81 9217.307 60821.29 35208.4 40458.996 25870.162 40937.766 36403.426 40043.504 41343.992 54819.848 25165.797 40726.08 44955.137 64422.04 7328.391 33454.332 12290.404 27446.928 62486.184 21518.469 15926.782 31230.016 18136.043 41975.027 32396.56 21487.014 60801.18
25212.28 57583.246 39252.07 75880.305 75282.87 62513.26 85506.65 40091.465 46899.855 7870.0483 17395.588 13958.769 97466.11 13319.724 78610.766 57038.406 40797.113 99112.42 41796.863 45966.48 72806.555 26824.16 33129.99 72378.125 73717.56 76546.734 47183.598 64406.62 22146.264 10897.995 75469.61 73922.734 63918.45 53976.9 39874.387 43932.16 36340.293 66779.44 15586.8 16451.867 86297.8 49863.625 13255.981 64443.285 58918.426 16839.139 95941.25 19860.617 61514.594 4554.198 60171.727 51760.254 36732.65 34110.043 79180.97 14535.196 38616.2 24120.203 42815.812 18247.715 27857.527 15561.714 65166.43 47295.363 60236.61 36230.12 49843.363 76410.56 69782.766 82455.98 80827.2 15248.7705 46775.668 56983.285 20304.35
40530.156 79755.58 50474.977 39266.39 79055.68 14420.417 54861.86 71617.4 76587.16 55852.176 67517.84 36223.44 54087.75 51060.336 51689.44 45392.4 37411.715 59457.957 54978.645 18035.41 67246.23 24075.42 44583.61 27345.312 72445.07 34600.633 38367.242 45436.445 24176.158 50503.645 44745.098 38230.36 40946.297 85701.61 11969.048 31846.621 8580.897 33659.51 39026.754 66804.29 62693.715 46492.21 51932.184 55473.785 49425.195 31335.654 65680.42 34215.13 50826.383 44599.426 20916.697 7017.7905 54898.55 10957.184 49151.832 41478.97 4809.607 24813.545 26713.328 35896.65 59192.43 59008.305 53203.62 12405.349 34316.305 35078.754 25832.172 75946.24 50058.45 64848.11 52036.7 51976.934 11545.348 30823.31 68296.82
27188.863 42409.07 29739.637 73356.52 54980.977 59972.836 78307.11 30959.01 39520.902 4059.1377 6970.3945 19158.588 71002.33 6933.197 64746.5 57096.906 37092.582 83145.75 34135.85 45848.51 64606 26099.404 29962.975 59505.414 62564.35 62517.71 39044.34 59162 29061.072 16369.526 59485.273 60651.062 65702.93 35491.84 34048.62 43271.63 35834.59 56985.52 19477.648 6259.1406 79944.47 42167.984 13376.62 53811.68 47515.66 24855.414 72104.96 23014.268 63111.5 13421.932 56664.73 51109.17 32328.092 41313.473 69473.47 19825.65 38091.68 28816.006 34889.56 19358.748 19760.39 6000.664 51689.797 45828.367 48840.09 34230.688 51365.58 53722.625 62025.043 73684.49 66579.97 14885.584 46760.625 54879.36 5702.0337
5942.976 13218.455 7550.582 15682.534 15967.787 13396.892 18613.639 8646.207 9920.203 3394.205 5666.735 3106.2659 22352.975 2836.851 16644.695 14221.265 9254.754 19365.57 9161.258 9745.312 16032.346 5176.419 7389.142 14665.038 17917.64 16708.572 8827.894 13785.64 5912.38 3510.6365 17004.93 15892.706 16745.953 13251.753 8953.773 8920 7889.8574 14695.935 4660.183 4173.503 19495.684 10883.684 1666.1434 12394.176 14031.853 4006.1023 18804.967 4776.106 16903.967 2008.4087 14287.789 11517.787 7660.7363 8472.307 20134.207 2349.3745 10224.99 4576.4395 9236.439 3091.4578 6148.941 4747.6655 15015.028 10220.556 11402.921 6553.55 12548.09 16321.495 17607.057 19097.668 14990.946 1977.0317 10201.388 12611.097 5634.502
30807.547 5163.0938 21304.451 49031.996 16536.39 53829.133 51137.94 17258.877 11737.196 42986.93 43626.098 45844.27 49694.254 33530.4 47234.76 31058.07 27430.154 51204.523 15991.961 58599.21 29321.469 40354.2 24820.51 52071.797 13492.792 48386.96 31562.117 32425.344 52998.297 53967.79 43781.92 52020.53 41341.25 10567.919 49082.312 31801.988 50751.285 42270.723 49585.316 40994.27 44788.58 22231.543 34643.11 21887.424 29465.87 43738.34 47628.355 55967.137 29195.291 48694.07 50320.246 57719.395 20936.453 47115.73 56551.926 36489.047 52071.613 50151.324 32824.906 36439.91 24145.96 39288.695 30217.871 48444.26 37828.71 29664.416 60631.746 16347.348 36872.688 45760.09 39072.855 37065.777 42857.254 42458.742 35146.133
50217.547 28184.135 38654.676 68426.75 10023.379 87444.06 66206.64 54876.34 39913.53 94848.125 115219.734 81478.7 66962.266 83619.555 51465.535 22206.021 40773.004 59209.508 39061.902 101527.445 20558.756 68987.836 44254.664 61795.418 11692.6455 67942.875 38449.543 34559.45 81766.04 105728.13 45669.387 61600.418 51664.746 42005.973 71870.63 39806.305 71971.22 60129.11 95776.11 82858.8 45924.516 24704.668 65261.5 13277.803 31408.484 86661.76 46840.133 102075.086 27526.03 95625.07 63488.586 86423.04 38213.418 63977.824 66175.01 66503.38 76490.77 83944.15 53898.62 76037.53 61296.195 85890.58 29479.406 63103.918 41269.895 53333.484 108597.38 4957.505 37976.92 48225.242 37676.87 68167.68 62326.066 55368.816 81381.914
21148.53 56454.953 33212.1 38314.49 54232.133 26337.7 50979.82 46263.684 40548.543 31166.53 40661.953 14740.456 56710.203 27234.162 49818.668 37510.914 23958.387 60658.562 39783.03 20442.72 51855.668 5538.0537 26723.83 30936.293 50396.688 36863.742 22266.322 40649.777 13062.358 24044.047 47271.992 38811.25 36024.242 48858.01 7503.4414 21867.012 9357.075 34201.492 17502.385 40062.258 52831.31 35482.676 22735.494 45162.36 34803.008 11694.968 53660.81 15493.916 39588.977 19751.672 27644.84 18239.982 27943.773 8284.803 50476.914 14937.852 10534.247 8456.314 16770.635 12091.634 33431.184 33199.445 37984.23 16753.045 30550.553 18459.205 27984.559 53397.723 41444.062 48902.066 44301.504 22928.102 14628.228 27292.564 40196.574
9206.462 15805.499 10561.583 5258.9766 14201.047 7410.2666 7464.9385 15786.307 12760.804 16700.191 19344.848 11797.586 9397.4795 14792.43 5923.3193 7199.473 7142.3633 11317.806 12403.326 11858.364 10015.238 7385.599 8513.723 3284.6445 15056.562 5274.054 5038.077 5077.683 11037.238 14542.967 5748.84 4750.4287 4072.5405 15407.576 5625.6636 4341.0396 6533.4756 2310.1519 13041.702 15554.5205 8366.913 7488.446 12293.402 8867.613 5558.1006 10290.506 8883.37 11134.174 7165.4062 12828.58 3166.7437 6019.5845 10910.151 6020.9688 6864.9287 11250.306 6774.3604 9977.935 4596.2266 9943.134 13626.421 16973.072 6274.6055 3561.611 3507.89 6746.2446 10797.172 12218.209 5883.06 7504.777 6674.3022 11232.548 3567.111 514.298 18995.148
43641.695 81438.76 63762.91 49281.715 88366.766 13290.548 60324.613 81373.195 68797.75 53048.633 72134.92 36627.176 61526.7 64225.316 51734.246 53220.367 41265.836 73836.65 59723.68 15467.846 74599.95 25328.785 53269.477 31515.17 84769.914 38678.285 39521.37 50443.117 26071.38 45966.97 51145.84 38908.76 47928.85 90534.38 16388.805 44522.875 10858.106 34834.367 37034.516 64868.867 67606.49 53642.26 52805.52 68792.25 49277.277 28444.803 72282.72 28546.395 64946.94 47081.402 25647.566 9618.157 53341.242 18751.207 47008.32 40664.25 8910.635 25915.969 34049.49 39191.37 67076.43 62961.473 51033.54 19780.418 47392.9 38601.633 17298.191 81397.95 52211.42 66988.94 61136.18 48418.277 15524.41 33715.93 76707.01
6571.725 27922.959 12868.649 25706.762 26670.723 20211.99 32252.02 20916.217 22244.531 19965.121 25848.064 12207.384 33710.1 18718.188 26244.367 15762.531 7668.5396 35534.45 16971.244 22357.664 22044.67 6461.011 9961.306 16774.854 29867.283 21753.557 7886.23 18929.7 15943.064 22474.064 23072.742 21946.488 18652.342 24824.346 9608.292 7456.65 10086.61 18623.078 17089.777 21636.598 29586.273 12063.098 12855.857 19007.848 13883.473 13216.375 28631.898 15738.172 21643.953 16872.475 15346.056 14333.973 12607.885 8750.169 31009.586 10032.591 12348.283 13160.283 3304.3418 9844.9795 19894.53 22963.055 16995.4 9026.992 12980.468 2798.6433 22874.943 24827.217 20699.982 27538.83 22945.896 14227.44 11221.028 12811.665 27461.816
2132.5222 2523.8862 2198.942 279.31775 2085.2522 1588.0414 326.65097 2827.8274 2830.4634 3682.112 3864.6921 2746.869 347.52316 2857.8044 8.35927 1063.1406 1751.0905 584.0171 2175.552 2801.5872 1240.5587 1918.7123 2112.2192 736.47327 2121.8855 706.5473 1489.5011 804.3364 2696.2869 3314.4702 487.59564 521.92865 367.31836 2952.4558 1801.232 1292.0355 2112.358 675.59406 2664.4785 3154.1 515.8783 1760.5431 2638.785 1698.8136 1132.0905 2579.9124 575.8494 2814.7075 934.7592 2801.4385 1007.96814 1756.9077 2178.3687 1934.9636 423.58545 2633.213 1797.4144 2438.096 1706.7606 2256.5183 2853.9639 3769.3616 1006.5102 1503.7429 1049.5282 1917.0193 2673.0781 1753.9457 557.9293 375.02966 712.90015 2577.6833 1510.0348 913.8937 3253.0244
44937.92 29734.803 34315.883 43551.64 11006.881 67574.625 39710.203 44999.55 33891.027 70804.414 83335.445 64778.89 39634.22 59677.71 40391.438 19186.113 35608.223 35487.945 37417.227 75986.92 11031.958 52358.934 36480.312 43718.664 11874.194 50731.816 33550.547 22890.643 65410.49 68978.59 29325.86 46997.95 38331.656 36624.227 48939.223 35393.82 63437.14 39019.08 65631.59 63624.94 28104.646 22050.59 62002.906 15903.412 22389.232 58751.17 25635.914 72670.055 18050.967 61592.84 46046.176 58348.375 37404.652 47827.906 44214.453 50563.812 55930.9 59666.03 40454.55 61591.977 44691.984 59815.31 19620.086 49741.168 30291.326 44205.113 73619.89 7974.7363 23072.771 29286.574 22068.488 57258.445 52694.875 39850.336 67798.31
20621.092 32647.037 22439.21 16638.03 33552.883 2681.5947 22898.328 29695.34 31193.15 23009.453 28219.154 16208.935 23696.14 26870.207 21020.75 25061.016 17809.203 28327.307 28348.295 7008.0366 25157.055 14490.82 23067.61 14430.938 30249.531 13323.018 17679.44 21420.617 12193.536 22921.201 22977.88 16167.477 16868.744 35332.336 8041.685 16139.704 7527.2363 16208.078 17191.678 25974.8 29108.738 24619.61 20383.236 29161.1 20711.498 13677.625 25333.965 13255.286 23071.227 18618.354 8974.489 4518.314 22546.26 8434.319 19722.842 18849.732 5835.334 12276.194 15514.236 18657.979 27401.984 30708.904 22366.389 9496.303 17456.059 17770.701 7369.4214 29377.273 20041.223 22487.6 23647.043 20043.355 7732.9707 12639.439 32518.451
36156.04 53481.188 42750.812 31961.578 59732.688 8688.987 32556.24 51947.05 50856.957 43819.41 49140.2 27754.277 33353.723 40866.887 36362.18 40190.305 34274.914 39319.84 48308.242 11792.049 49125.207 28389.309 36344.523 24462.924 56394.152 24454.467 31646.426 38606.363 21659.945 36239.113 31817.52 22297.736 31354.959 61931.875 19623.934 35507.504 18519.408 25222.139 31893.867 42957.24 41322.875 44677.84 35893.9 47855.363 39926.785 28091.36 42415.133 25363.13 43133.37 32915.277 18176.742 14427.247 41720.164 20682.105 30125.004 35542.18 15342.814 22722.412 30417.73 34375.04 50292.074 47659.97 40113.547 21858.812 31664.7 31161.535 11125.033 48439.297 38003.29 37679.266 38519.88 37662.508 18129.076 27064.56 52353.945
23824.564 38375.402 28872.236 11113.736 39640.68 8829.518 16619.91 43173.24 36252.324 38470.242 39034.95 28252.713 15681.274 33346.656 16317.811 20112.824 23776.877 22284.768 30141.195 20538.422 27330.908 19935.162 28853.875 6426.567 36271.555 6719.7695 20676.287 21130.62 22515.562 32322.408 16754.7 7374.2046 11806.305 44454.527 13466.907 19233.906 13578.19 9241.682 31604.271 37007.883 24185.113 26610.514 30282.586 28739.701 20033.346 24275.13 24832.332 26713.613 24308.16 29138.988 4288.4326 7830.561 26835.072 15300.072 12723.744 26082.945 14074.568 24816.004 16345.562 28857.994 34218.18 40951.344 21121.504 10004.258 16324.182 19923.984 21281.916 37773.086 19484.56 20984.219 18229.225 33918.305 10913.97 10229.53 42919.87
34302.746 83825.414 51883.863 82989.625 86136.984 56001.164 85614.266 50831.043 55625.137 20181.424 28569.846 4349.508 97048.375 28340.861 75331.6 68801.99 41014.527 94237.914 56498.957 39153.977 89064.54 20896.066 39764.242 72971.15 93248.805 78783.234 50039.45 68830.4 13775.666 11489.683 87077.77 75555.016 71873.9 65387.367 34718.066 50529.426 35533.9 68008.195 9159.024 32539.691 99756.17 55708.45 19309.635 66280.945 59750.156 8712.989 87802.805 11641.842 77855.11 8296.725 52444.066 52736.73 40233.05 32391.191 90961.46 18296.256 36899.523 14403.056 38530.156 12591.585 42968.293 35113.953 77011.69 48015.527 54526.67 33403.36 46209.133 87431.75 72507.18 100566.945 80294.91 22411.38 43892.06 54600.176 36567.145
25355.389 28482.635 25501.174 9583.601 19854.033 28842.727 8276.332 35602.45 32881.08 39777.926 41813.254 36295.895 6896.4717 39744.89 7524.717 12816.136 22018.506 2420.283 27637.496 34614.285 10797.458 26618.105 24893.688 13716.507 23135.264 15760.294 19582.805 10169.347 31084.982 42502.887 8123.5947 14250.584 9587.865 34659.094 27380.059 20669.21 25001.762 12855.621 39643.535 43898.44 1525.0713 18261.973 36803.094 19876.77 15575.87 35235.727 1651.3519 35509.9 10751.885 39038.223 20047.797 24653.344 25856.545 25378.88 10558.229 35004.45 30935.893 34630.848 21744.291 30286.03 35857.51 39827.266 10765.054 22312.217 15456.984 26830.756 37983.492 20076.229 9323.727 2696.83 7552.548 32629.695 20764.441 14098.346 46098.164
46602.496 69296.516 52726.87 41244.316 67330.99 11839.613 43822.164 57417.062 56726.53 49209.555 54686.26 37220.785 46348.094 49580.188 45124.137 46214.668 46159.3 60127.285 64223.426 10443.554 53106.367 29136.729 49216.08 28828.848 76407.945 35174.05 46069.31 43556.71 27584.139 37424.24 52386.695 36673.83 42590.055 69501.61 26217.781 39361.89 22909.943 33749.766 35098.81 56961.348 57677.27 50858.03 49810.004 63110.03 50972.242 29877.502 61446.145 28281.537 56503.777 39911.152 27289.09 17089.553 50413.523 23112.748 37092.043 39023.68 18962.201 29364.703 36035.555 34467.258 59743.125 59518.805 44517.56 22827.383 43995.887 37425.83 8203.637 62255.832 48890.008 52040.164 55588.344 51510.812 24139.496 34808.594 56911.9
14902.373 26951.672 17445.744 16453.498 23472.611 4576.633 19033.854 19748.621 20841.996 17890.746 16381.163 9449.879 18704.951 15060.603 19049.908 18298.008 13937.68 23092.195 19237.373 1704.9678 21412.906 9583.022 17761.895 12611.292 23058.578 12255.115 14348.744 17810.832 6681.6343 11278.037 17579.549 13853.915 15846.174 26869.127 5983.753 14893.393 4484.7954 13189.623 8809.441 21003.857 19582.031 19252.873 15193.734 19000.041 15860.042 8295.807 23233.863 7395.239 17519.08 11785.294 8319.397 4761.717 18251.182 7126.666 16845.375 13299.386 3823.5444 7539.758 11381.769 10954.127 17333.047 17825.523 18008.826 7646.612 13686.339 11185.825 2715.088 22435.172 17118.434 21283.105 18829.375 13503.8545 8080.95 11792.768 21622.5
1968.6041 8771.205 2824.1777 16155.294 13719.312 16763.457 19836.586 6126.0327 6138.7593 8584.926 11064.776 8433.617 19732.473 5981.9175 15654.052 10283.476 4027.7192 21193.688 4207.7163 15044.514 13708.778 7240.856 1843.2539 14345.209 11274.754 15403.428 6431.888 11071.767 11406.875 9452.336 12701.428 15677.87 14663.308 8826.9375 10012.95 6425.0117 9574.449 14234.621 11041.696 8460.74 18566.588 5342.7954 4683.24 8738.676 8476.122 8698.178 17221.201 10755.623 11385.726 9107.108 13717.562 12944.089 2116.0874 9298.572 18698.715 4127.452 11725.746 8637.84 6210.5137 6158.632 3921.973 7957.2207 10015.77 11042.481 9246.358 3787.562 15978.627 12666.309 14005.912 16556.244 12307.082 4438.6016 10662.519 11071.552 8792.621
18187.328 38821.863 21542.434 55747.348 53516.2 48798.004 62380.047 24014.422 27047.566 7000.62 14307.77 19058.4 65411.887 1050.5216 60846.562 48295.5 27057.283 67032.72 25255.951 44600.12 51014.605 26220.768 21286.988 55114.734 44526.164 53592.15 31196.16 46537.066 28331.506 14638.511 52347.473 51339.527 51919.86 28040.621 31806.314 36114.355 33907.18 50404.15 22700.473 3576.4705 60151.996 34455.742 7923.669 35870.96 40487.043 18839.256 58008.88 21270.803 44996.55 11770.905 45261.71 44661.1 23804.627 33529.62 59788.08 12930.794 36526.406 21779.855 28988.506 16107.847 14965.014 3667.5732 51607.78 41276.184 44517.09 27115.742 46083.973 43823.914 54110.105 66158.57 51148.203 8097.0083 35324.527 49191.746 6318.6924
35000.246 83739.65 50388.324 62802.312 98473.36 35579.273 73171.25 69464.266 73676.016 46463.047 58643.566 19826.76 77976.73 45365.03 69482.68 57599.95 41100.68 82444.234 57024.336 31219.248 77267.39 11033.079 46699.066 47801.16 93209.85 68181.13 43843.85 66288.95 14258.147 39496.17 66518.59 66158.48 59234.34 80813.42 13328.888 35595.363 11456.035 53392.77 26047.752 62026.125 86788.56 54980.24 38144.58 61060.258 52171.668 16864.436 90746.17 19194.977 73687.47 31663.512 39091.68 28200.492 49684.33 12842.1 75494.41 25621.373 14676.15 12251.249 29502.129 20679.195 51190.21 55537.367 68708.89 22962.18 47586.293 27008.64 38910.465 92569.72 64020.1 86398.13 75939.33 40852.605 22395.055 44486.707 58470.887
9641.734 37324.594 18692.25 38534.242 45225.246 31147.18 51382.285 20491.113 26976.24 13961.184 22551.398 8336.098 51103.82 12024.774 47482.184 34666.76 18183.701 46605.695 21423.88 30546.338 43105.68 10251.39 14386.76 38008.652 35540.035 42333.79 20364.059 34888.73 17285.748 15544.449 37126.188 40696.17 39431.027 26298.684 17712.115 18917.664 21963.916 36448.81 13526.38 15926.2 42923.51 25849.709 4406.358 26469.479 29529.271 10848.152 50654.035 13786.572 36048.08 10335.803 28951.479 27072.113 17862.98 19021.676 46940.81 785.9708 20048.75 14197.477 15612.315 4787.3667 15604.699 13549.112 33260.15 25333.316 26143.742 12469.005 35848.98 38174.734 33892.27 46018.523 36203.68 4594.315 23075.416 29722.03 16397.379
35375.094 68632.75 45018.438 32679.28 56418.21 3239.3062 36645.008 55402.234 61649.703 48136.156 57503.137 31165.662 37427.234 52114.28 33267.504 40975.96 36077.285 44683.438 48300.766 14316.19 53058.758 24606.875 42257.11 22211.24 67047.84 25459.367 37428.477 38738.332 26043.346 39896.69 40414.055 26762.639 31110.523 69110.03 16005.79 32310.666 13911.342 25851.904 33694.457 55480.918 42629.668 43476.227 38093.348 48185.246 41634.79 30631.176 48261.555 28150.703 44483.004 41689.9 15983.637 7930.563 48726.668 17546.672 30697.46 37797.35 10540.517 24846.52 25033.803 34660.695 55729.902 54867.883 37433.234 16006.2 31636.871 29557.34 13293.493 56861.98 42052.516 41082.62 42700.645 42611.27 13924.83 23990.38 50092.977
39922.008 79454.234 56271.215 37263.01 70264.016 9910.264 52120.574 66223.9 65032.875 63287.88 69721.266 36578.594 58145.492 62071.645 43452.73 54482.773 41348.703 67153.01 57188.008 20848.986 65643.35 29640.516 56434.945 26051.367 71339.14 35571.445 41358.484 51946.293 28638.383 51277.184 47625.812 35083.47 41297.11 74482.89 14348.777 36914.984 12381.061 33075.285 39591.35 72964.8 54825.137 54831.2 55715.367 57971.37 48921.637 31170.434 67540.836 34784.645 48758.89 49932.492 18549.486 2970.8591 56592.04 15395.982 38792.04 43110.16 10431.915 30732.16 28624.43 41428.97 63333.84 65382.62 47300.723 13636.535 36593.426 34098.55 24343.791 71717.945 47745.727 61108.09 49840.25 53047.508 13103.589 26186.244 76664.12
29934.03 9432.244 15899.369 57418.97 27598.293 71086.6 61563.277 10140.426 4808.322 47899.64 45745.918 50040.582 57830.22 39496.484 57431.71 33796.695 25129.41 58702.816 11892.892 64835.586 40211.04 42327.277 21454.305 55602.457 19631.988 64773.7 31424.29 37361.57 52346.094 49913.824 44807.465 54072.215 50047.805 3950.648 52924.66 34452.35 54095.5 52556.91 56985.96 36669.633 58940.383 22091.244 37221.453 19780.84 34014.875 45692.527 51972.195 56158.71 37858.28 44020.844 59589.242 64695.926 16581.94 45773.168 67926.734 38837.74 60780.4 50467.633 36164.65 36102.844 21786.291 39519.434 38894.547 50610.934 40912.758 28712.807 68336.05 22428.283 44867.56 56217.34 41787.363 35443.035 49976.176 42767.543 40772.855
49374.05 42486.312 42819.055 40323.832 25724.352 73518.87 47056.41 60567.5 47811.35 95026.07 94840.18 81491.58 47306.45 70162.06 38541.934 12030.264 32400.39 38163.758 41243.08 90113.16 4942.866 52523.926 40348.902 45182.21 25735.086 56869.605 30134.162 15516.671 72218.625 80886.37 21917.723 46013.043 35044.203 51960.863 52663.88 33164.92 68404.07 34918.773 79409.29 75024.95 28208.957 25351.512 62660.12 16868.5 16233.062 75308.58 32187.73 76364.086 9291.81 76885.82 47464.395 70331.28 44539.066 59870.227 46024.336 59446.098 73547.81 80930.164 43673.39 68598.3 61460.742 73194.6 11811.338 46771.223 25408.805 39415.984 90236.15 17199.033 21255.355 31437.291 17020.373 59321.125 49187.46 39366.88 76313.22
17123.305 9562.787 11104.988 16478.025 4187.6426 24987.484 17991.84 16216.823 13685.347 31148.586 32203.064 24877.834 20530.395 27470.092 16665.182 6870.042 13109.307 17868.123 12451.907 28984.035 5378.2856 20906.969 13076.256 17001.965 4401.267 21040.084 11097.841 9754.468 27838.287 32197.926 11928.296 17330.236 15506.754 14778.26 19513.303 11653.084 24338.518 16794.59 31960.904 27795.598 13397.423 7711.963 22440.795 4591.554 8079.4956 28363.3 13489.15 28360.084 6609.711 27230.625 19640.15 24625.506 12472.101 19546.113 22884.19 22133.768 26943.36 27945.305 15114.406 20330.807 18766.088 26206.91 7708.3013 20995.04 11061.506 14523.454 35692.387 2583.4634 10387.104 16205.596 8953.884 23524.566 18164.1 15485.197 26470.947
5467.3228 998.3134 3721.3613 11459.788 3924.2354 12918.285 13155.907 3112.161 1694.9613 10242.31 11577.789 9720.567 13465.94 7556.1978 10894.448 6177.08 4837.674 11505.234 2360.1973 13650.339 6037.5283 7997.073 4210.4775 9860.242 3294.1807 12152.889 5624.9106 8072.4688 10524.832 10313.241 8334.702 12040.345 10702.781 2096.0552 8862.5205 6148.6553 9941.139 10255.948 12450.276 9186.212 10494.991 4230.574 8283.982 3828.9539 6205.757 9185.617 9082.058 11521.731 6799.5493 9159.2 10767.705 12734.267 3823.3777 8881.399 12722.482 7710.966 10392.854 10218.172 8297.224 9455.881 4778.629 8291.965 6195.851 10541.76 7031.1973 6797.762 13830.23 4223.728 8067.336 11490.943 7547.606 6912.526 10238.205 10293.585 8967.622
10623.243 21057.33 10536.0205 27299.143 23980.617 32925.5 34453.332 21447.004 19848.047 31852.639 35628.613 22613.293 31268.328 23521.738 26016.29 11467.901 2179.8887 29344.803 14193.055 34244.85 18715.057 14916.33 9236.319 21704.145 22238.525 31073.549 3002.9133 16024.649 24653.36 29002.746 21560.082 27226.156 19068.32 22256.79 18156.682 4394.131 21605.559 18782.03 28353.418 29922.99 26272.975 5535.2046 20936.271 10550.838 9856.547 22301.467 28084.072 25092.342 15726.761 26785.055 22931.672 22961.105 8539.821 17801.55 32033.064 17744.908 21004.396 25172.062 8182.7876 19005.158 19018.686 28565.727 12944.345 17129.062 10001.09 7158.317 39052.48 18444.455 16291.08 26669.926 18949.133 21225.97 17524.025 14724.942 32288.09
51411.45 88997.22 61577.51 28337.479 80999.73 17858.75 35584.69 87296.29 75825.516 79556.72 92160.72 54374.26 38871.89 68668.29 34044.55 45334.777 49566.656 50736.355 75524.484 38047.4 54516.47 35949.234 60773.41 13865.311 77574.06 20287.475 44089.254 44873.645 45233.336 69758.71 39067.086 22538.502 29797.332 85947.29 28133.889 36762.324 26433.74 21433.615 64837.83 92749.72 49997.38 59286.19 70196.6 66185.27 45578.535 48402.652 54286.81 58098.92 49430.973 61804.977 4501.174 12734.546 62457.734 26402.285 31564.498 52743.676 25898.932 44204.527 35038.08 56330.03 73798.24 83133.97 46494.34 18794.748 31575.305 43855.4 44779.56 69138.555 38759.34 44187.418 44586.023 58957.457 15829.695 19630.16 87966.305
17349.533 42677.957 22684.479 55270.008 55118.902 46322.117 66077.41 25427.887 31848.168 8670.38 15447.612 16688.762 73077.92 3178.2588 58568.92 45384.59 31334.479 67830.56 24058.57 38506.04 51214.992 21546.455 22252.646 55843.125 48599.66 63219.043 30480.043 54724.176 25561.094 16224.819 59461.363 64069.94 50373.383 33126.633 30010.248 36132.895 34939.895 55273.785 19184.586 8469.894 68270.07 36175.51 4025.5947 40962.656 44691.227 19268.207 61717.977 21629.959 52813.508 10798.118 53271.44 48857.973 25571.705 34390.34 66607.3 12078.664 34176.883 22620.998 33145.81 13490.364 15579.942 9059.162 44310.98 36313.36 46074.58 26644.732 50082.727 52731.203 55636.34 70651.97 58328.543 4941.517 42212.996 40753.85 10363.45
21970.32 5765.048 15944.736 36479.465 10356.44 37725.58 36992.285 14691.475 11545.159 34775.188 32207.037 29160.322 34423.19 28753.17 35038.85 21178.65 21945.115 31397.807 14355.88 40717.363 19815.389 26502.297 17482.127 34445.402 9055.806 36044.95 21136.125 26001.297 39176.406 33828.76 24253.428 33415.348 29104.547 9287.098 36090.45 24406.057 34077.41 32148.31 35349.387 28449.422 27898.855 15014.315 28519.332 15795.316 19124.387 32779.598 27080.22 32279.674 22120.238 33369.1 35593.883 38844.43 17804.803 32870.99 39328.246 26710.318 37858.6 31598.963 24121.959 26960.14 19435.182 27036.785 20790.688 33855.934 23397.748 23315.338 48392.25 10246.466 27687.734 33020.63 24659.973 23046.791 29989.05 30723.979 27159.38
39492.523 67358.95 52322.28 27582.445 70305.164 40713.08 35617.15 77726.96 72608.33 74962.195 93276.24 61234.832 41423.03 74398.11 30556.955 35413.586 31502.035 46304.156 60312.96 54017.23 46231.613 37992 43042.63 12796.476 71354.96 25803.729 24872.627 27860.22 52583.652 71540.43 30573.244 22202.088 19583.828 83763.11 27991.604 21990.654 34694.496 9646.309 70232.445 92245.88 43777.117 39499.395 61155.652 43572.95 27824.604 53114.02 41681.484 64856.246 33709.91 73969.93 13800.738 25648.848 47553.996 28599.7 38630.766 54985.64 33453.53 51691.523 21530.402 51730.832 72085.625 81217.28 29141.012 15052.63 16731.809 29198.08 57725.6 68203.03 29963.436 39948.46 33622.08 63247.062 17590.629 1744.3666 97202.13
26019.396 43873.047 27046.955 25884.488 31925.963 47320.445 38710.957 41892.812 35535.234 53054.92 68881.1 48977.457 35737.56 48958.09 24729.816 8709.169 14172.278 37196.484 29247.467 47886.05 21349.137 29675 25865.129 24307.48 30665.986 33075.332 9868.067 10522.102 51848.21 51615.574 17583.125 26576.943 19460.164 45798.746 27070.674 8825.678 32037.035 17357.186 48260.88 55446.348 28854.47 15424.202 42724.844 19955.082 4797.5557 48871.99 31067.947 49082.39 13599.596 57200.266 29735.607 31797.918 24008.22 26103.906 34501.684 35905.35 37639.242 40936.594 15186.636 36972.285 46420.98 58092.984 10521.018 22686.785 3713.108 18047.367 62021.496 31308.5 15044.105 31801.6 17500.598 42967.69 24484.865 15252.001 63733.74
37724.22 70719.06 46161.367 50508.043 71956.32 19614.44 50965.3 60900.95 69122.56 45468.11 54604.867 23870.885 55647.18 46675.074 51730.65 52044.3 38045.082 65114.832 54288.867 9650.7 59283.094 22025.768 49211.805 39258.773 74793.27 42324.562 42897.273 50626.277 16723.701 34074.04 55526.145 45326.88 44077.066 66158.125 13728.617 38482.094 9463.247 35872.203 25266.643 51707.996 68669.77 53739.73 38832.473 51837.434 46810.043 23227.148 60800.676 22197.156 58258.19 30715.477 29193.623 16763.6 46969.82 16681.805 55366.91 30034.012 7160.825 18516.256 29101.379 28937.592 58867.766 55371.797 48867.81 19413.002 36927.094 30443.98 14993.544 69163.18 57314.83 66507.91 53267.688 38691.01 19959.06 36971.484 57226.766
39465.65 74559.7 53212.293 38957.23 75364.77 30995.447 57959.22 77917.68 71468.164 67605.82 88834.04 40920.957 57152.707 71164.914 47804.36 41380.96 29170.541 62317.65 55011.81 41309.74 49518.492 22670.117 41063.773 25073.29 68046.63 36133.08 25470.852 42643.68 37495.65 56770.12 40120.645 34529.492 37630.06 78012.3 14088.554 25630.148 18650.172 24898.418 50233.168 74280.76 65193.848 45785.945 50959.55 56418.133 33866.836 42915.73 63793.184 43795.18 45160.477 51891.945 18655.535 19111.98 52308.492 12043.57 53128.387 43642.44 21659.334 39133.953 13953.745 36990.793 65594.695 68348.266 42429.3 3196.4536 27063.752 24999.123 52026.78 73519 38272.047 60044.63 41516.527 49439.188 5604.2754 17076.312 77588.39
15445.555 27453.303 20672.22 9841.818 22684.984 2147.934 12057.342 25874.055 22378.865 23694.375 26383.314 14203.4375 14035.34 23613.648 12700.024 16893.953 16663.365 17361.05 22736.809 9072.481 18066.305 13344.009 18728.32 7468.4766 26643.352 6472.5894 13671.595 15834.934 13015.072 20615.94 13132.866 7603.5986 10966.296 24814.908 8886.272 12230.306 7820.415 8417.48 17711.84 26913.709 17401.502 16135.104 21284.95 21523.172 13787.253 13847.492 17224.115 13786.332 16486.184 18469.35 4271.626 3559.1619 20891.838 8984.865 9440.985 18654.744 6980.573 12441.419 10507.543 16970.08 23469.29 24661.709 14541.834 6706.175 11402.544 14201.592 9244.275 25912.83 14045.764 15598.057 15983.904 19716.885 6079.48 7664.317 24814.799
1846.7463 4933.059 2992.09 3512.3699 4850.131 2849.217 4264.3384 4279.8604 4507.8643 3824.078 4531.0713 2300.3215 4727.158 3610.1296 3807.0444 2891.0037 1944.478 5051.0977 3265.8445 2700.752 4288.0938 849.69946 2472.334 2836.931 4850.2227 4026.561 1930.7244 3482.132 2080.625 3582.0186 3365.6008 3246.546 3144.5725 5259.8657 761.0913 1560.187 1155.3749 2438.0713 2703.6829 4481.4175 5097.9673 2983.0156 2814.95 3429.302 2594.528 1880.1693 5502.985 2529.112 3920.724 2904.579 2146.6985 2129.267 2670.0403 667.6852 3955.2712 1956.4285 1542.738 1718.9501 811.92255 1618.7013 3671.1296 4496.324 3542.2905 1008.324 2515.555 1247.5222 3741.2349 4807.897 3236.388 4296.584 3485.6926 2825.5999 1274.5564 2093.8882 4175.695
18262.713 36976.402 22357.451 17628.412 35040.406 4788.104 20424.342 31509.322 30324.314 30158.838 31351.406 19101.557 25964.61 31614.229 20757.508 22354.732 19741.416 27243.936 26225.262 11597.521 28865.258 12294.907 23573.566 10463.789 32292.664 14722.162 15780.362 18435.572 14495.727 24612.799 22474.055 14988.86 17156.05 33346.85 6790.6924 14480.189 5765.9336 13001.785 22242.367 30385.766 26199.762 21656.139 26613.518 24760.855 18139.06 15702.993 28888.896 18123.764 21916.615 23890.734 5836.625 694.6923 23369.584 6583.3745 20333.91 22044.312 5671.9746 15118.425 12119.387 19290.691 29674.283 34530.24 23144.87 5306.5713 16568.133 17136.502 13420.077 29922.889 20441.137 24909.584 21981.383 26974.521 5060.6562 11780.156 32625.389
4717.7476 6827.347 5072.623 12591.821 9313.245 13353.46 14458.029 3334.8945 5127.712 4128.055 5341.0254 6177.9556 14967.514 2238.529 13789.814 9295.787 7622.737 14816.435 4512.16 12821.587 12626.538 6232.549 5139.0264 12731.863 10281.681 12976.112 8293.609 11544.045 7329.3955 5742.3896 11837.957 13286.388 13713.809 5372.537 9393.99 8469.438 9280.855 13202.044 7706.5854 1816.0485 13825.571 7735.0215 3199.022 8783.332 9529.159 6389.934 15983.941 7689.5513 11007.216 5746.7783 13138.176 11856.084 5492.1396 9512.392 15870.088 5039.5566 9121.885 7781.8296 8182.928 5942.2627 2077.4507 2176.7825 11021.645 9810.376 9232.732 7105.719 12121.563 9380.123 12296.328 15008.881 13153.095 3090.0952 11110.33 12107.755 2224.1213
17609.012 27526.215 19583 7296.6587 23031.332 6858.3223 10355.959 25027.842 26387.973 27246.547 32134.834 19334.838 10800.551 26584.523 8511.354 12679.792 13918.87 15529.94 23013.553 13567.031 16165.399 13634.705 20325.242 3188.9343 24610.512 3877.971 14253.555 11204.461 17265.262 24885.672 9749.679 4236.294 7839.0117 26045.307 11139.929 11699.765 11407.123 5519.1035 23257.777 29745.4 12639.903 17306.334 22671.98 16790.4 13907.3545 18569.992 14108.953 16846.188 15461.607 22014.775 2712.2253 6955.204 20863 10785.542 7334.2275 20106.564 10648.294 16350.423 10309.988 19111.35 24251.38 28045.686 13083.869 7423.3687 10941.467 14645.701 15925.599 24247.723 10080.985 13349.06 13592.537 22824.664 6679.9966 6157.7173 29534.406
9456.792 1564.4731 6213.0923 15557.306 2921.1692 19691.154 16359.048 6835.606 4381.519 14026.819 17521.121 15143.152 16015.09 11841.965 12802.776 7444.2803 7497.643 12998.051 5820.4663 20247.553 8170.131 12525.256 6658.4595 15298.128 2487.4868 16237.435 8434.472 8947.617 18540.45 17500.09 11187.4 16542.602 12747.962 4871.08 13722.6455 9908.672 13727.674 12625.672 17089.598 12440.798 11700.999 5394.5913 11651.217 4583.548 7668.084 15341.1045 13624.848 17272.459 8835.316 15415.509 15647.772 17850.404 6760.151 14342.235 17268.375 11521.452 17449.36 15723.583 9935.195 11795.064 9692.289 11977.952 9317.645 15213.453 10393.684 9224.492 18847.775 3485.9731 11734.286 12880.803 9440.384 11141.659 13698.928 14002.353 15025.514
28062.23 49779.082 30292.887 25292.812 52031.914 10524.091 28176.996 47991.74 46779.055 41543.367 44397.5 27304.912 34641.566 41812.016 30026.646 27700.615 26928.13 41360.668 41593.094 15447.182 37139.547 15859.988 27980.102 14765.287 47457.984 19850.086 23454.32 26848.457 20272.514 32555.133 27804.094 19244.562 23241.648 45817.637 8686.508 21337.152 7923.783 16692.516 27388.064 43234.094 33299.742 29615.287 32020.086 35551.21 28802.293 23293.346 38691.055 22843.258 28555.29 28679.408 9322.104 3067.016 33273.426 8105.939 24394.893 26422.877 7804.0464 20095.25 14241.682 22764.133 43082.53 40575.85 32009.604 6411.891 22133.582 21745.314 20702.729 44980.137 29763.146 35405.863 29587.303 30608.012 4214.087 14297.532 51284.492
30858.78 4682.582 19645.523 57429.516 23604.422 80671.414 71119.31 17604 9414.502 49482.535 53808.25 48239.805 62512.01 39392.984 54296.875 30834.264 32428.406 59397.32 14228.931 73686.22 35590.25 46528.7 22401.242 53951.766 19081.547 73628.19 34188.574 44887.992 65831.33 57149.258 49355.49 70213.09 56426.9 7519.86 56403.117 32333.738 64594.395 50855 63898.957 39985.47 62652.223 24891.123 43207.38 23336.291 33145.938 52766.633 59091.926 64078.508 39815.734 58434.305 59459.785 67645.74 21883.785 51054.277 64000.035 42242.31 58264.234 60378.09 42770.832 43800.47 27076.328 40643.93 37704.492 55865.746 43842.203 35171.082 82066.3 20639.158 49497.56 57611.508 46378.555 39994.07 59133.547 54308.85 49470.312
2943.6 4479.8574 3352.8289 753.2029 3820.9895 1906.8219 1345.409 4811.753 4215.7256 5426.17 5596.2256 3454.8728 1451.0983 4420.604 1209.5142 2080.5469 2439.0732 2109.9841 4297.295 3051.1436 2764.3606 2591.2334 3048.233 156.27904 4350.889 513.2871 2383.1826 1755.0051 3369.8125 4387.817 1449.8157 331.87497 771.28064 4421.3564 2177.3223 1990.3258 1998.4819 480.37424 3946.376 5059.548 1827.0195 2762.633 3853.7417 3232.1807 1865.8718 3551.0134 2181.5588 4005.5293 1998.5355 4135.3247 659.30634 1507.1537 3208.9783 1901.7053 980.33685 3437.357 2203.4893 2959.5784 1996.1935 3533.1946 4364.6797 5648.0396 2075.2173 1333.1787 1677.7336 2603.4875 3162.5588 3649.3528 1480.1196 1847.6412 1915.2186 3854.8108 1562.4142 840.95544 4930.3516
28660.943 40088.72 31559.8 22142.967 42550.19 7435.737 27330.934 41422.895 37920.37 31405.613 37316.61 24827.025 29299.906 36764.22 26300.71 28579.941 28467.314 37222.03 40457.445 8763.333 34867.22 22718.11 31347.846 18874.709 48255.434 21124.096 29998.371 27763.17 18684.15 26721.27 31550.328 19964.879 27772.53 48585.05 15720.045 25942.549 13524.512 20432.76 22956.033 34396.32 31003.111 35074.79 29816.898 34423.973 30724.797 19753.502 32454.73 20897.26 30165.824 24966.432 13838.921 10193.618 36308.223 17659.055 25756.229 27779.988 13047.832 18914.924 21499.238 24163.691 39895.652 39474.19 30188.633 17911.447 27352.693 26617.879 7179.9985 41075.496 26237.926 33100.13 33696.55 29073.39 16746.33 22134.652 37311.77
1574.6044 7835.2407 2722.0603 9079.874 7984.312 9015.975 10286.462 5479.405 6130.408 7503.8945 8980.829 4758.4175 9139.288 6002.333 9289.691 4747.011 1088.7241 11036.445 4434.4224 9334.315 6715.073 2801.1033 2272.226 6279.218 8684.882 9061.323 2091.4282 6002.7563 6154.2964 6939.6255 7098.917 8389.281 7388.699 7764.8677 4188.078 2133.0176 5164.4424 6428.66 7603.267 8248.357 8857.393 3368.6428 4935.858 4850.1235 4452.0913 5031.7886 9942.706 6413.7524 5775.283 6589.326 6734.636 7127.6226 3082.9668 3655.962 10654.319 3886.9094 5084.275 4924.683 1687.7976 3913.1716 5599.4473 6943.3774 5279.7026 4750.9434 3653.2114 376.1873 9893.361 8015.3584 6336.965 9794.284 7703.8115 4074.6426 4726.113 5350.313 7557.2646
61217.113 74301.64 63188.07 15086.88 62875.133 64445.164 15313.461 83876.91 80323.95 103174.88 113709.67 89615.83 14405.313 89165.89 8087.008 29407.918 51167.66 16055.513 76082.305 77551.836 31557.744 67974.76 71554.8 30493.096 54034.316 26225.785 45819.246 21287.14 88417.266 100872.24 9297.291 26699.04 12808.298 88637.59 62858.566 41363.203 64299.457 22529.127 104697.47 99941.66 9530.139 47652.79 80829.32 45652.86 32826.48 88856.234 11930.377 83898.47 23539.223 89474.766 38020.406 57105.49 71338.47 53818.43 19964.385 81548.65 60057.098 85978.19 52895.73 71565.42 81286.83 96576.93 25271.117 51752.734 31475.418 55416.54 84028.59 58756.58 13726.413 5995.233 15830.705 84700.99 54056.375 29175.49 116289.42
6853.6255 11791.088 4161.2563 15866.066 10573.092 18694.682 19262.342 11255.246 8805.307 19783.004 20105.066 13552.761 17478.54 14847.497 17770.408 6371.475 2866.4553 21426.48 6844.2646 23130.248 9932.435 12137.315 4459.6597 14907.374 11636.151 18005.867 3640.453 9160.546 16182.314 19629.65 12791.121 18275.447 13025.672 10912.39 11738.154 4772.713 14027.125 13655.44 18405.648 16550.514 18669.88 1790.1544 12221.748 5426.512 6830.9556 14897.162 16942.709 16926.059 8376.894 15551.675 13490.241 15862.159 4594.7207 12114.463 20610.38 11127.919 14810.394 14857.631 7252.164 12091.39 11753.868 17173.66 8937.072 11887.417 7304.2446 6063.431 24272.25 10560.803 12056.752 17642.28 12708.111 13365.571 13538.372 11521.399 16481.88
29820.64 34232.3 28749.676 9358.461 26929.807 27794.258 6235.2593 38764.13 34498.316 50966.05 47098.37 36058.75 4419.0723 44428.54 5270.1323 16283.477 22075.305 2611.445 32815.035 40612.348 15256.55 33621.734 26905.035 15696.747 23654.588 12428.775 22180.383 12469.359 39477.953 46764.797 7622.019 11281.951 9165.092 39842.32 26929.04 21554.49 31423.072 12831.134 45289.39 48005.18 2481.967 24809.16 42067.91 21366.854 15796.979 34997.113 4128.2476 40872.293 13924.338 41362.266 19476.873 24744.572 31973.541 29353.463 10518.024 38893.414 30938.863 33658.28 21408.223 37751.023 38881.066 50753.133 12836.644 21338.195 15687.535 27016.03 40176.582 25282.469 8835.088 1030.5367 7739.6396 36929.21 24077.152 14053.238 47834.062
23672.602 27761.174 21193.033 10714.555 21381.426 28616.266 16914.238 30418.64 31007.576 38175.664 48596.996 30920.012 14204.177 42051.176 11246.842 5650.863 14587.975 17178.871 26606.455 39117.3 9981.441 26293.596 21880.488 14056.271 22965.96 17401.9 12862.022 1483.3201 30631.117 43180.25 3927.736 13395.621 7225.139 34017.613 23873.793 12170.941 23202.863 10247.854 38849.773 39440.426 11611.606 16072.367 34678.54 14788.476 5995.2266 30721.914 10995.885 37785.484 5067.57 33760.203 16309.032 22687.334 20577.076 22414.484 17761.855 31551.395 28462.871 30238.455 15849.395 28097.305 31510.057 44623.023 3634.014 16319.58 6740.199 18349.334 36893.79 20557.795 2239.6475 10342.545 4365.1743 30664.723 17334.67 11272.15 39740.7
26711.707 38878.324 30258.848 7685.044 38781.62 14414.264 10172.178 39968.664 36662.29 43054.914 43095.227 33664.09 12078.199 40038.51 11310.988 20093.848 23298.562 16986.434 33148.633 26653.191 22512.47 22479.316 28607.242 5526.124 35861.734 1874.225 22802.438 18175.168 27406.285 34985.293 14538.489 3381.5227 10622.246 45928.29 17149.156 20058.328 18390.25 8876.379 31276.457 46263.773 18364.658 24079.732 38884.652 28365.795 20425.205 27613.68 18187.55 31212.521 19910.014 37573.66 8069.016 13589.924 34427.906 18214.266 7936.575 30137.97 18158.326 28026.457 17822.342 32295.838 35567.83 45533.184 18483.633 14553.563 17021.422 22901.64 26944.225 36147.742 15680.087 16766.402 17233.648 36216.855 13200.516 11312.479 43151.348
44171.188 96658.32 54488.18 73766.875 94974.75 39481.207 92133.22 71509.15 82469.86 38082.418 50857.246 20061.596 82567.484 41415.863 85550.09 74320.76 49377.133 97332.34 73261.83 18219.107 81859.664 26653.24 51885.32 56177.26 100119.22 63266.25 52250.457 71026.69 7636.8647 25400.584 83597.695 61998.07 77262.195 80580.62 31379.885 58384.766 24590.367 61231.688 14945.162 53538.074 88622.93 62318.125 43429.08 76168.85 63293.117 16073.15 86020.2 10996.132 70175.02 24588.291 50494.305 38870.02 58892.836 28069.959 74237.164 31729.637 23952.664 11538.363 47538.2 30182.135 62128.496 57046.836 71774.91 41392.98 58558.883 42887.81 26215.072 100321.25 72043.06 97647.14 82002.06 37321.64 41458.918 61689.617 60046.91
9199.196 31241.09 13442.547 23821.979 30468.084 20928.566 27075.3 24212.49 24586.443 27643.273 35159.207 17161.918 28045.986 25192.564 24994.729 15780.964 6770.734 32825.49 19668.258 23643.006 23659.643 7531.15 12308.599 18275.736 29275.857 21137.863 6819.0034 17919.58 20013.951 24826.016 21735.904 19534.865 17085.908 27761.93 7928.9844 5726.5884 10863.79 16222.687 21015.66 24901.857 25894.31 13846.763 16498.912 18995.09 14858.246 18016.254 26805.938 20607.123 20067.191 21959.033 14993.01 17314.213 13091.197 7969.239 27974.803 13543.146 15249.05 14735.111 926.47314 13362.519 21640.854 28307.602 18937.13 8133.928 10658.424 3937.468 28768.648 25378.031 20489.31 27070.455 21805.172 18645.953 9988.782 11524.38 28271.574
38571.44 65532.6 49551.434 48823.41 71123.29 19455.887 56192.562 65992.73 62861.816 42336.195 45755.938 22548.793 55281.57 42358.375 48242.14 55884.492 39005.094 59747.99 51919.562 7408.41 57035.086 20830.316 44177.168 38924.11 67825.01 39898.703 39956.973 48446 14092.666 33416.184 50496.973 39331.082 45554.703 70363.12 16582.102 35236.52 11740.565 39634.555 22903.955 44790.668 63502.293 46954.367 33962.14 51654.297 45861.555 18001.094 64827.176 15700.948 52581.18 32155.602 31168.193 15720.486 49003.77 16126.813 48696.965 30955.35 8347.513 15636.236 28396.83 28146.562 52768.188 48981.85 48461.055 23052.336 40275.867 29152.154 12324.394 65031.46 57041.055 56079.973 59484.023 37691.402 18788.957 34017 49597.867
16230.625 7359.8193 12120.441 18261.56 370.29395 28864.002 18383.992 13504.545 11942.231 24303.76 32344.438 26282.441 19300.326 22197.994 17553.32 9549.393 12342.282 17856.754 11032.63 33187.203 6885.9185 20013.846 12264.154 20831.137 1572.9847 20801.723 11367.914 12300.159 27700.818 25775.379 14609.353 19769.553 16413.178 10666.763 19810.674 14426.706 23919.676 17561.994 25585.332 22061.994 16714.38 9456.932 21340.564 6193.268 9361.789 25182.133 15084.398 27556.697 9677.735 23824.123 22377.174 24773.932 11166.188 23012.816 23594.062 20137.701 23223.486 27109.434 15761.386 22821.36 17274.203 26092.838 9138.395 18461.139 12764.395 14254.718 29944.86 1224.0919 14053.851 15289.233 12298.818 21480.121 22082.916 18207.451 26626.395
18976.39 39492.43 22435.418 53093.39 48223.684 42498.664 60156.926 23955.82 26739.213 2731.8684 6851.2856 14391.714 62965.242 4252.536 55465.977 36117.74 24171.441 60063.58 24439.336 33941.48 43005.09 21287.803 20958.861 40399.094 41539.89 53863.332 29062.254 37639.023 18569.01 9742.203 51888.195 44390.207 44153.176 28848.432 24602.72 27502.574 25239.086 42369.656 14530.628 5836.391 53594.64 30911.967 7368.5845 37586.387 37979.25 15876.618 49515.875 17102.24 42562.07 8301.127 39462.67 32325.236 20569.814 27753.965 59802.074 11496.02 32312.576 17629.484 27094.518 15044.82 15621.836 5533.534 38064.156 30437.877 40333.344 24836.691 36496.895 43013.855 41411.293 51865.82 45707.605 9686.821 32650.738 35672.9 6766.0347
54913.715 56111.586 46903.52 17542.877 40248.5 53411.61 15387.362 59768.555 58957.586 76638.445 86855.125 64825.223 15336.256 82576.664 11199.8 22033.219 38736.934 11211.057 51907.56 68631.87 20160.812 48819.625 44627.45 27194.977 43902.992 28761.754 35428.227 16429.363 68589.836 88366.54 6460.0107 21227.807 12733.232 63637.473 51841.17 34478.566 51054.7 20993.447 78463.8 89958.65 6076.6895 33097.656 68360.52 33109.047 21473.666 66127.31 6895.135 71707.55 17349.916 71726.53 31933.465 41247.363 49767.73 46677.93 22157.46 63936.71 53637.79 64949.406 42610.61 57853.723 63179.184 88610.18 18710.854 41345.42 22359.555 39067.63 62308.8 39825.41 9775.887 5006.3916 9198.127 65313.293 36529.965 23587.143 77831.92
17934.75 50954.95 32790.008 41787.617 57880.63 23331.834 48656.793 37850.883 43104.58 34600.08 37468.59 16151.191 51056.848 32488.535 40480.723 37027.54 23084.174 57017.773 35106.492 19976.846 40199.582 6643.8877 23655.129 29034.137 51584.516 37840.832 22138.545 31594.107 12092.274 27657.566 40172.99 38046.54 31431.814 48136.684 5381.007 21526.102 5585.6914 27264.758 18303.035 39137.516 45221.824 30998.502 25830.797 41290.332 28918.75 11296.717 48818.9 13330.642 43231.395 22536.857 23790.146 15034.625 26993.125 5422.0625 46944.445 16915.072 7953.4604 9804.642 13488.128 13923.531 35492.785 35890.562 36116.27 11766.851 28538.164 15927.171 24760.03 53410.66 35850.684 51393.81 43729.39 22090.508 12009.564 21989.764 39139.258
21048.248 59126.2 29427.97 49746.492 57576.477 54955.316 62522.465 54990.527 41744.773 62977.61 80938.625 51022.395 55153.465 53992.832 54529.71 26773.852 7625.065 68852.016 33913.973 58361.43 44184.043 29973.834 22579.365 37068.914 48881.453 48833.55 3602.7988 26487.768 52542.6 60296.734 36510.473 44982.715 38410.74 58584.414 28495.43 2077.423 34452.86 37053.086 60661.055 60895.32 54233.14 21497.975 43689.195 31842.826 19706.916 45937 54961.242 58832.082 28902.93 55258.145 35183.11 40270.223 28672.334 28678.043 51937.32 36990.688 42934.414 46001.37 11821.695 38306.36 46782.977 70434.305 25108.738 29167.713 16089.38 13341.919 69958.68 48495.137 31388.88 53751.926 42587.273 44592.113 27945.076 23335.844 70979.21
22590.137 30986.203 24530.686 18162.854 24449.322 34655.156 20685.564 33990.477 29294.182 51739.84 54492.234 37619.586 25541.342 43357.926 17923.832 3463.9585 15104.987 23431.344 27512.76 39470.812 10676.738 30317.045 22711.244 20022.959 21774.752 25412.01 11553.207 3180.2014 39187.88 44900.82 9430.698 21740.625 12306.9795 33616.62 25973.414 10310.277 27285.074 13517.598 43974.28 40941.637 16703.842 13138.11 38698.793 13671.521 2249.0498 40037.645 18010.246 37379.934 5354.3857 43991.508 23584.578 29996.264 21653.865 27264.975 22893.348 30110.066 33826.938 33244.742 17094.582 35507.207 38037.383 45274.83 2785.7046 20500.553 5672.2275 19653.117 48331.15 19199.346 7093.6484 16004.867 8778.206 37941.63 24542.883 13802.086 48593.35
1330.6049 35188.008 10702.222 48451.746 44469.42 40366.42 57007.094 21338.129 21700.42 30794.709 37756.098 24711.412 51005.754 20788.13 45842.54 25829.855 9520.907 58500.387 17606.08 45280.062 39949.39 15297.24 7189.914 44259.777 38188.77 47377.164 16645.135 32115.076 32267.643 34499.43 44212.266 43487.793 41686.996 28694.18 22363.836 16470.627 30359.723 33197.695 28173.453 29686.455 50128.695 18516.342 17256.207 24146.45 29765.838 22599.29 53281.926 28816.473 35296.223 25803.56 40184.01 40154.723 9933.723 21064.477 54215.906 12782.653 32336.285 23778.814 15738.488 15423.757 19728.195 29238.273 30518.016 26647.553 25432.832 7615.3716 43761.766 42225.094 39991.625 49684.395 44708.535 16046.57 27498.621 33046.973 33749.406
9359.557 9846.4 9659.553 3575.0823 7624.742 11014.922 4006.8357 12886.067 10914.5205 16128.878 17404.389 11516.047 3851.6294 13936.778 2496.333 4003.8367 7902.325 3254.3608 8984.758 12401.75 2999.5916 10281.512 8937.398 5274.1816 7078.1743 5312.501 5505.7305 2359.613 11862.41 13918.439 1073.4547 5199.1343 2423.7158 12935.14 8137.343 5418.3486 9805.628 3933.7454 15412.311 14467.937 1457.3339 6396.057 12648.285 6599.47 3875.3564 12928.073 1483.0939 14672.075 2498.781 14158.797 6629.207 8462.43 9808.427 8895.044 4947.6914 10362.964 9602.694 12469.222 7431.7983 11834.48 12894.101 14054.73 2562.6292 7977.018 4021.6565 7854.37 13055.468 7323.2197 1438.6395 1731.3372 924.2413 13321.428 7322.202 4775.7383 17454.648
7215.029 31918.934 7746.1133 54343.11 45112.258 51776.277 54779.67 27882.133 23639.404 40391.72 48862.55 35240.02 62078.06 32304.758 57157.74 26044.17 8438.6455 67299.02 17933.076 54167.91 43503.125 23877.674 4387.8774 42857.973 41388.047 56424.43 12936.308 37920.992 39833 47112.58 46471.195 55481.906 42467.016 33269.895 33687.45 14904.836 32527.227 40997.5 46337.004 40549.93 59027.742 15355.372 23533.49 25196.049 24541.834 36401.176 59578.33 41218.88 36232.1 39173.004 42875.96 46079.965 7921.3633 29263.129 64636.656 23062.354 43765.785 34710.36 19041.043 23799.7 24404.898 38102.59 34275.51 29229.453 27140.074 10994.868 63431.58 34247.797 40419.957 50962.363 46150.902 21969.365 34072.164 38164.453 39651.76
21380.559 50110.508 33916.25 27320.506 47932.945 13296.103 34295.68 40749.742 41768.895 34168.74 37942.977 19704.914 37118.926 33103.96 33866.965 31412.516 23209.566 47453.035 33758.645 13541.959 39980.87 12973.146 30968.22 21650.23 52317.363 23724.703 20115.688 31892.742 14907.777 25392.729 35220.285 23586.59 24684.23 45382.84 4599.847 19546.246 2730.3591 23638.836 20721.969 35516.42 40307.75 29592.242 28120.48 35379.61 25275.46 18387.438 40603.03 19101.71 33351.72 24518.646 12892.553 6848.6494 33573.05 4946.349 33047.805 21859.729 2543.3767 14871.693 13998.88 19368.203 36546.543 35667.04 32782.56 7270.5596 24041.336 20196.326 16502.234 47517.49 31527.346 37647.938 32755.045 29390.354 6089.98 18030.268 40634.242
24113.408 49118.555 31480.69 41157.84 48335.156 46877.6 44490.234 55436.895 43201.934 64050.344 78552.12 42076.07 54889.848 52419.168 42633.594 22309.377 12845.381 53658.508 37436.098 56598.684 37179.848 25277.21 26131.012 27349.445 52499.383 42296.32 7608.5425 21955.771 44399.594 58244.207 30037.25 38725.496 27051.44 54411.797 23895.088 4536.9897 30496.15 24308.162 55370.43 64895.47 46003.438 21782.996 49797.688 29432.371 18059.309 43897.137 44958.316 46733.062 30283.832 50032.695 31032.19 34505.652 28971.963 28266.723 46893.22 37443.51 34822.58 42062.68 10897.092 33911.074 52099.258 65085.37 23215.742 23223.273 11099.336 15323.958 66742.28 41305.402 28849.305 43313.453 31887.88 47939.47 25418.027 19704.246 67151.97
17046.576 45656.316 28759.797 37916.465 56819.55 24826.879 40648.49 44825.43 46188.215 42046.523 50768.71 25073.73 50646.47 34951.746 35245.824 29392.453 15952.628 52170.207 38121.28 26506.592 44660.79 9847.986 24833.916 24840.2 45619.31 34721.01 18486.092 34246.926 24502.46 34882.355 34647.496 35273.24 33772.56 45495.8 6640.373 16732.643 12411.245 24741.24 31302.502 47376.254 44881.188 30384.67 26663.096 38348.418 28550.033 20457.717 46084.87 23868.879 37854.383 29261.723 20217.018 17749.727 29184.277 5506.238 45794.582 22285.35 13073.328 20056.502 7588.3447 17188.96 38816.027 38926.797 29557.16 9993.006 20561.217 13076.619 34991.49 46296.477 32058.766 41717.484 33588.24 30861.934 10105.304 17873.75 48242.547
49679.42 45351.176 36161.598 32812.23 28956.79 70798.42 41725.406 58589.312 48715.047 93289.19 104755.9 64828.062 43669.562 73619.47 31044.996 9874.731 34651.26 36541.766 39764.008 76238.734 5245.3594 56880.516 36639.754 42444.188 27915.275 42214.7 25524.852 12517.445 67583.91 93279.48 19600.268 41569.645 30695.06 53081.37 51309.395 26427.557 64964.14 30872.62 73853.414 74338.016 28035.137 24520.732 70715.76 20695.436 12297.72 73817.15 23584.94 83193.79 4412.0747 84429.51 49425.953 61596.434 41461.94 48030.344 45614.156 65752.81 63919.47 76628.805 36814.836 60465.723 63893.973 78001.28 8358.246 47890.15 21764.531 42946.188 83806.5 24751.375 17673.623 27782.867 12772.766 64522.32 51304.66 35972.9 83997.86
5716.1978 16028.001 9239.936 22898.203 19779.686 20429.188 26025.65 11096.216 11645.351 5692.714 10233.375 5714.404 28518.121 4274.688 22223.512 17457.467 9851.75 30699.754 10511.439 14621.269 18771.65 7326.3374 6892.433 20249.043 20646.953 20835.156 11078.663 19567.654 9327.501 7660.2812 19290.662 20970.992 19867.705 13811.112 11673.16 11585.435 10596.673 17273.781 8317.456 6803.039 28396.766 12103.715 842.9893 15964.809 14418.919 7122.0156 25144.78 7605.6494 19181.994 4901.881 19272.799 17121.75 8518.567 12048.096 26904.576 1950.435 13829.22 8338.333 9926.615 4061.4065 6196.886 6352.6577 17405.578 14905.045 14556.685 7175.4517 19395.305 18861.354 19534.871 26944.584 22934.793 844.60474 13243.398 16502.69 7619.7563
17091.62 69469.44 32413.227 51832.754 74732.555 49435.1 63196.832 51772.24 57356.406 53495.316 67538.914 26068.04 68752.52 43547.47 56554.24 41120.63 22733.213 83405.76 40225.24 46505.484 59755.355 10613.266 25409.496 39282.86 65987.63 59830.332 22192.11 42646.95 30831.244 50503.74 55640.44 52143.523 43774.63 66637.25 14287.796 18015.576 21182.064 37036.58 38461.66 56872.082 76549.62 32796.418 33703.75 41507.617 36032.227 27537.51 68256.08 37220.195 49524.336 37740.254 35828.13 34020.7 30398.027 14336.599 59424.48 22856.777 23788.992 29917.445 9654.659 21967.93 44550.51 54424.945 40521.746 19478.85 29747.283 9742.401 57820.117 71423.46 52602.56 63825.93 52552.574 30678.736 19755.96 31301.191 62511.812
15317.645 17458.127 13945.838 8163.9995 13297.344 18730.178 10056.66 21071.947 19692.945 25664.973 28603.291 22712.088 9207.442 26925.334 6100.4985 4721.4697 12124 9232.847 16071.386 23656.588 5492.589 18005.32 15273.79 10040.782 12297.943 12106.162 8389.165 1756.4327 24668.238 28015.74 1830.8362 8369.859 5259.92 19648.045 16536.25 9333.028 16480.947 6585.705 24511.098 28843.6 5546.247 10565.399 24246.2 8680.834 4881.1523 24044.8 5778.5996 21974.646 2981.154 23962.062 12307.881 17848.38 14807.368 14610.52 10498.1875 20924.836 19365.31 23056.305 11923.149 20699.182 23544.115 29952.936 2967.5142 13664.835 5653.595 12569 27969.043 10861.86 944.6041 6258.0786 1036.053 24039.719 14384.74 8206.779 27782.28
9051.539 34526.625 20320.703 41484.367 47429.203 32532.4 48997.188 27137.42 30788.822 17881.885 26528.084 10257.533 49482.383 16067.899 43605.793 29872.94 17349.98 61953.45 24781.1 32988.74 43060.836 9736.382 15643.576 39677.965 40264.93 47640.633 19827.08 33748.582 17908.94 16590.547 39379.02 46522.16 36502.85 34827.273 17406.572 21146.295 20606.61 37677.543 16958.73 20604.27 55168.87 26474.258 7919.155 31393.67 27269.71 11151.201 51372.39 15988.11 33469.668 12071.339 35582.594 27463.512 18765.307 18791.604 53006.02 2387.4355 20640.143 12449.786 18247.506 3725.8047 20284.748 18864.287 37883.027 20518.254 30130.791 12270.692 33468.01 42036.95 38729.367 49658.418 45724.273 7486.526 21975.74 31960.668 21584.678
33997.56 79227.44 55207.023 83651.68 99259.5 62970.176 93895.58 54793.785 58629.477 20696.69 28731.607 6842.5166 108977.99 25274.064 80817.3 70966.28 52084.36 111127.93 53560.836 42845.484 80835.62 22237.227 45761.57 69915.3 80112.664 89918.85 57078.105 79471.12 15409.547 10073.783 91529.86 87900.81 81635.48 66664.76 38282.88 56857.793 36150.676 69212.016 6803.615 33653.008 103647.055 56806.895 22484.23 64489.11 62351.2 9570.465 101324.445 10526.702 77099.89 8291.445 67183.03 51956.918 53127.68 36205.953 90361.42 19945.115 37910.105 13812.491 43032.43 14186.66 44687.004 36140.445 84016.625 49118.418 61848.723 36144.19 51782.41 86611.86 80921.55 106702.16 83462.12 26647.17 42933.543 60091.305 40414.582
45099.004 55993.223 49942.18 4383.9487 51101.824 28418.238 10256.991 62259.062 49352.348 59536.81 71433.625 54096.434 10893.4 55539.34 9788.691 29330.73 37236.35 18044.871 46708.055 38781.594 28286.207 40133.543 46922.062 9115.12 51102.105 4146.039 28835.145 19835.908 44479.754 66166.63 14384.989 2712.148 9752.665 55808.098 33801.77 26515.754 31265.271 10105.399 59114.934 66756.31 21260.012 33437.668 52190.22 40005.957 28118.375 46634.043 19424.676 53819.37 26615.016 53455.77 14270.64 25142.662 42188.77 32284.982 5144.313 46225.254 34796.06 48223.637 31646.16 46845.094 62569.637 70914 23715.79 25065.584 23338.33 34707.332 39788.195 39999.438 19189.422 17086.291 18533.23 48526.777 23861.475 16002.741 75028.56
15807.194 15044.965 15287.33 13910.82 10873.56 29010.258 19227.756 18621.242 19042.54 33529.824 36970.17 28802.428 15911.621 31110.97 14208.041 2602.9988 11530.428 14744.351 16879.732 32334.633 2880.8657 18676.887 16148.385 15456.76 10816.404 17989.193 9997.013 5563.141 28178.084 33375.004 9081.391 18385.66 12838.489 21133.562 22733.188 10821.969 23010.332 13674.397 28318.826 31268.834 10692.108 8056.5425 24249.297 5641.296 4899.9834 29715.678 11950.35 28437.346 2284.1404 30397.463 18364.51 22763.393 13506.924 18654.715 17015 23013.521 23466.05 25293 15241.779 22167.94 21875.094 31185.365 3531.3616 18778.783 7331.455 13529.089 30147.844 7818.6416 7825.549 12684.796 6829.812 25601.922 19932.193 12936.459 31910.053
15637.682 23035.523 18548.23 9423.08 22226.584 1774.7863 12333.55 21780.361 20390.314 18868.08 21671.38 12769.406 13631.049 16765.785 10797.266 13327.3955 13593.276 14731.31 19059.307 5898.708 16894.615 10671 16876.7 8249.857 21530.16 7355.7397 14338.916 14518.248 9262.295 15041.273 12453.048 9189.562 11020.813 22382.064 8320.777 11614.065 7062.511 10134.162 12887.526 21919.986 15634.283 17787.693 15289.174 17588.691 14142.024 11865.963 14994.583 11136.257 14108.735 14001.782 6216.7603 3979.4255 16805.334 7726.9434 9659.132 15204.394 5577.753 11709.455 10763.482 12994.403 19947.646 18360.672 15135.99 7323.7163 12661.469 13737.181 5397.377 19152.27 11974.329 14725.239 14317.231 14841.0205 7602.489 9241.881 18804.373
2944.4124 4425.666 3188.366 2205.0876 3204.7378 4074.361 3074.7627 4264.684 4027.069 5875.674 7958.912 4795.543 2746.041 5821.28 1965.8435 711.88916 2083.2253 2715.6375 3852.3516 5833.9194 1501.9043 3353.0684 3071.6462 2059.0688 3130.845 2791.875 1532.3827 285.68317 4758.2173 6501.1074 1076.8176 2480.2075 1480.1967 4879.063 3234.2927 1519.3632 3802.7583 1779.4977 5424.7207 5683.7715 2273.7683 1783.9307 5031.4854 1999.3259 504.07147 5300.077 2034.4171 5545.854 701.6391 5238.349 2664.293 3308.141 3049.2712 3644.373 2691.4429 3884.4844 3846.3762 4999.7236 2116.715 4790.3394 5141.6733 6469.5977 482.68 2531.1492 617.95294 2594.2712 5837.5796 3127.7815 760.96857 2173.2976 970.0469 4823.443 2694.18 1603.7557 6859.9
48569.06 90906.086 66732.2 50808.645 93555.18 10691.085 61881.082 86345.016 83113.84 65224.44 87721.27 47220.906 59596.88 65826.36 61917.1 68698.97 50672.82 72179.92 76636.195 24824.203 81173.58 33323.45 65546.875 35054.945 103013.83 42609.297 45939.824 52925.676 34272.12 58437.027 58014.496 39997.04 46896.535 97089.484 20304.047 48059.164 16498.072 43781.555 48626.832 84155.17 70920.56 69460.78 58053.723 77066.5 53181.477 38524.438 79384.17 42003.15 70701.84 60593.293 21390.557 6992.316 73616.92 22443.701 54704.53 49382.02 11977.025 33376.348 39687.227 41827.7 76541.305 86002.74 65028.496 20022.828 44942.66 41151.91 23468.41 98632.37 54590.33 73813.22 69835 60219.76 16935.04 38339.78 93125.16
60345.28 105414.81 69022.234 43681.586 91986.305 8171.6997 56261.645 96901.02 86275.58 88319.42 105245.19 55323.594 59283.035 92272.77 54749.902 60737.066 62696.574 72015.02 82722.5 29391.324 75279.74 53486.227 72669.89 29623.29 103996.85 31461.064 62744.953 54094.164 53635.91 74574.97 62185.035 38874.8 43235.754 97163.69 36029.625 58639.98 35065.81 40152.035 68197.04 100006.27 72437.984 74889.38 67825.93 75966.87 62996.957 52365.094 76203.08 51454.184 66322.7 64646.086 22886.797 18601.434 76714.375 36043.13 47274.99 71149.49 30181.416 50345.824 48209.15 54878.707 95748.77 95821.75 60935.465 32539.07 55270.535 53019.06 29581.11 85136.695 60895.336 60041.47 61241.863 70851.4 30294.13 34670.055 101360.18
56258.965 56356.656 53291.348 40104.16 34981.25 80765.98 46795.184 67347.54 61169.61 97599.625 106447.67 91884.86 43949.227 94936.8 35586.96 13928.412 43447.996 35273.227 62067.723 103435.88 6353.601 74618.31 49041.543 40060.703 37438.434 48518.68 40006.004 12462.001 92867.63 113901.336 19821.83 44141.957 31792.9 66411.695 70477.67 39215.59 74892.26 34739.94 92184.43 93302.34 25323.066 36079.598 87576.2 26040.81 19958.105 90675.38 21703.295 91965.82 7932.54 94084.305 49850.215 66844.67 57843.848 62697.773 46218.51 83985.95 80436.29 76701.86 50967.914 69699.06 71007.516 108295.22 12380.92 52405.242 26242.404 56161.715 99298.95 31066.602 16147.375 27449.182 11003.393 85760.28 62126.3 37981.62 96779.625
8321.763 28624.855 9588.322 39420.996 32885.83 40337.516 42297.836 20950.297 22625.41 36638.22 44258.54 25641.135 39995.945 25319.68 37178.043 17507.98 2889.6387 45534.82 16643.72 45154.34 27011.24 18461.994 7001.7437 30007.705 29611.248 42912.707 8074.354 21335.932 33625.9 36107.316 28808.531 33579.57 30944.613 27665.643 20750.646 9327.605 28121.637 26012.873 32289.35 30794.463 42671.246 10699.888 19688.688 17531.559 16519.314 26190.938 40002.84 29332.225 26518.824 31004.291 29616.332 30028.271 8585.143 22810.766 41008.34 18734.664 30533.398 28107.283 11371.272 19071.088 21873.393 29085.277 22961.783 24014.486 16784.018 5713.4985 49798.25 27064.705 28915.883 39580.2 32552.498 21860.668 24899.084 25083.477 33792.566
42215.598 85360.15 62954.992 56647.516 81392.22 27685.154 73439.87 64332.914 73112.46 49978.4 51396.25 23442.951 79390.06 47938.457 73626.11 57439.965 42239.047 92855.4 59745.13 13144.495 81754.414 24016.918 50031.96 48028.344 81807.445 51917.01 50570.027 69924.484 13773.615 36250.906 72317.15 53884.15 55359.04 86470.31 15908.572 44101.855 14029.477 51578.49 26685.23 52958.5 85017.67 56693.746 40450.832 73896.69 54895.45 20706.066 88800.98 18040.916 74240.44 33013.047 38276.945 22168.701 53202.992 19241.348 69029.6 37565.81 12373.732 16368.499 35211.375 28899.406 66166.07 63901.42 58120.586 28500.76 46904.805 41098.367 22753.426 90174.43 62283.098 82748.65 64897.75 47775.92 26692.908 42875.676 68175.03
33551.06 58759.188 38320.57 78687.09 73817.445 52834.31 85389.695 48207.336 46777.55 8521.616 12130.692 16933.707 83720.98 17204.52 71664.336 68417.4 39635.46 80187.27 44521.754 36487.562 69975.19 32203.709 42840.605 67926.08 71420.82 71816.71 49380.06 71964.41 25355.654 5120.5117 76388.21 74187.23 64148.977 49861.406 41722.95 51709.35 33953.137 61570.266 12707.395 18375.832 82362.39 51300.1 17352.812 59207.48 55881.348 18120.496 80146.84 17241.957 72828.46 8810.163 57738.926 51215.105 45133.01 35390.094 73898.6 20773.227 40982.277 21891.484 40710.12 19758.166 33292.89 20718.566 67729.11 44060.76 59345.723 38880.9 48421.63 64697.62 65431.61 74109.91 73459.84 18344.059 43984.645 62200.48 19618.76
525.1614 628.1371 299.4773 1806.0819 1102.8633 1908.795 1937.912 222.28343 316.15698 1060.1588 1288.5763 929.34015 1959.2014 637.65784 1840.8467 1107.5472 616.98254 2190.215 176.18782 1939.2789 1259.3147 993.25446 348.31393 1676.763 958.9468 1964.9438 883.2812 1237.0852 1239.4214 1112.9408 1633.7684 1933.1682 1707.4137 440.7413 1281.2369 853.60724 1447.2333 1525.136 1216.8114 737.5637 1601.8878 572.6697 688.57745 845.7584 1131.6573 1211.9235 1875.7129 1240.23 1334.6521 1039.2974 1663.9312 1714.8606 285.4559 1219.4159 2177.6995 737.9726 1333.2737 1248.8668 888.02765 773.8669 233.5243 774.67944 1174.2472 1233.5559 1075.793 627.9964 1797.7739 992.56537 1322.297 1826.3538 1502.4547 578.39795 1299.4254 1397.0844 796.5651
18221.03 43006.89 28671.834 45695.953 55094.816 33804.2 55398.05 34973.016 38452.1 11768.173 17492.838 4757.4707 64864.21 14160.792 48734.68 41494.53 29661.918 58232.586 31693.97 23997.654 51701.316 14193.949 28179.443 43950.98 49250.92 46579.637 28564.266 48440.504 11567.269 5105.808 53318.418 44005.54 47624.496 42633.668 20451.34 31104.947 21559.514 46852.812 6394.2354 17191.055 53470.75 39045.727 11729.255 43400.336 39720.586 8119.278 54233.7 7713.365 49871.59 2288.4216 40858.355 33026.668 25458.209 23561.207 57162.312 11458.871 24232.994 10411.121 27251.943 9936.313 23099.602 18053.201 42665.605 27214.559 38674.668 24144.332 27943.863 47946.434 45971.266 61105.094 47245.81 12693.108 28167.463 35162.61 17838.58
43023.305 83106.69 52850.98 87902.516 101181.51 61225.78 93887.55 69554.79 69583.86 25674.53 35372.125 10292.7 113339.016 35128.75 98806.484 81680.88 51681.645 100877.86 59458.83 39438.6 95868.83 29630.104 49443.848 74436.01 89761.62 90964.73 54633.414 79620.24 12558.666 13166.256 94404.37 77439.086 83298.4 75427.95 37172.344 60737.996 32253.834 71624.99 2197.0356 38047.31 105096.664 61036.402 27339.643 85727.3 81090.016 10905.837 95781.27 7048.289 88772.33 15835.453 66961.93 45998.074 58411.516 39623.79 92841.14 24906.986 31882.625 11697.028 41264.97 20036.066 57803.566 37889.996 87797.73 44462.332 66368.32 40083.836 42126.715 98195.56 87855.39 101970.89 82188.45 31987.506 45315.83 58793.32 47533.914
5081.2173 8757.993 1581.7794 17685.277 10015.419 21717.113 22583.451 7071.6074 6338.0776 16506.002 17009.213 15011.738 20495 11286.227 16041.8955 8974.687 3513.3342 22348.92 4080.1357 21593.762 12470.691 11365.638 2378.412 17044.076 9767.454 17117.725 5226.334 11918.436 15709.727 17704 13793.93 16568.066 15373.04 7838.767 13823.41 5783.115 13036.631 12680.103 17404.195 15067.771 19727.47 2779.0474 11414.73 5350.8877 8137.626 15147.448 17988.6 17004.725 11411.489 13229.664 16628.074 15723.717 1829.2559 12019.333 18729.557 9238.25 17274.395 13351.776 7655.077 9870.106 7446.874 15408.277 9584.801 12218.013 8158.6934 6353.798 20541.992 9174.376 11924.81 16748.383 14462.007 9477.624 14456.13 11702.852 14788.398
31158.932 53623.414 38946.348 42154.17 64732.918 20739.852 46961.37 50031.254 46218.6 26403.607 34705.734 14824.897 48490.297 27457.09 50289.312 47577.664 29989.258 58220.965 45997.06 8177.445 54171.617 19339.973 38465.055 33075.777 62966.41 39511.457 35192.59 39687.188 8051.049 17164.498 44972.168 43217.566 44186.496 58175.977 18380.125 29846.615 13975.556 37784.65 12213.587 37567.926 59808.97 38584.73 24423.648 45939.145 41533 13128.064 60749.664 10160.676 43247.297 20868.875 26001.941 18153.201 40053.3 16105.599 42076.207 21178.355 14624.69 8907.284 27783.662 20510.2 41143.242 34705.105 49474.48 20994.299 34000.37 30300.52 11413.543 53688.367 43656.07 58105.21 52428.93 30093.229 22479.605 35001.336 37702.39
42490.34 69173.18 45486.42 36665.125 60417.875 12156.657 42342.26 60983.055 53774.01 42251.97 47809.566 28152.537 43416.383 41358.598 40173.242 45257.414 40181.035 59672.445 51674.168 7613.0396 50495.21 27652.709 42068.387 31203.818 61230.51 31936.373 41152.93 49529.355 22173.268 39033.473 47250.348 31707.926 39750.617 66687.9 21316.004 37781.312 16793.506 34688.06 26979.361 50705.027 48957.387 47758.73 41342.227 53206.043 47249.938 27406.914 58602.45 22803.893 46178.402 34905.83 22518.633 13065.82 49815.887 21089.771 39468.645 32202.11 13285.676 21150.256 27823.828 33760.13 51260.78 47571.715 51760.06 19867.7 36479.71 36735.812 5442.0024 56654.645 43847.43 49201.562 47280.88 45007.7 23119.701 33790.082 51269.56
