50 75
2 41 36 32 37 19 38 8 25 0 21 39 13 9 12 6 40 46 1 35 14 42 47 7 24 23 15 20 3 34 31 29 44 43 17 4 18 27 45 28 30 10 48 26 49 16 22 33 11 5
11 38 41 46 8 23 20 40 9 1 29 5 3 34 33 43 32 6 13 31 24 16 36 2 10 42 39 0 4 7 35 44 26 22 49 48 15 25 19 17 18 37 28 12 27 30 45 21 47 14
20 25 21 39 6 26 18 49 8 48 19 46 30 1 9 47 0 15 7 13 29 24 27 42 4 32 14 3 38 36 22 40 23 16 28 31 17 2 45 33 11 35 5 10 43 34 44 41 12 37
24 38 48 10 13 35 7 39 41 1 23 4 30 40 5 36 43 37 14 34 47 25 8 19 15 28 32 6 3 49 31 16 21 11 17 42 46 45 29 2 9 18 12 20 22 44 27 33 0 26
31 12 36 46 40 14 34 42 47 45 0 2 48 18 27 32 15 39 4 17 20 6 44 19 9 16 11 1 28 33 3 26 5 29 43 49 37 22 23 10 7 24 8 35 13 30 38 25 41 21
35 26 30 36 45 31 44 33 0 3 18 1 20 2 27 28 12 38 43 17 37 19 29 21 8 11 22 16 6 25 32 46 13 48 42 7 4 24 23 9 49 41 34 5 47 15 14 40 39 10
48 35 38 44 39 45 16 12 1 49 41 31 10 8 29 32 21 34 0 27 19 6 5 46 9 40 23 24 22 15 14 2 20 17 36 13 28 11 7 30 4 3 25 26 47 37 42 33 18 43
32 30 18 2 20 9 23 13 1 42 46 3 8 35 40 22 37 24 17 38 26 31 10 7 43 0 19 11 4 36 6 33 29 28 48 47 27 12 15 14 45 39 25 34 41 16 49 5 21 44
16 0 8 7 26 38 14 22 5 41 47 12 9 21 31 40 1 15 46 4 44 27 20 33 18 11 19 28 23 6 17 37 43 25 48 45 29 30 49 34 2 32 3 10 42 24 36 13 35 39
48 1 36 2 37 46 26 10 7 4 33 20 38 41 42 16 19 47 11 34 21 25 39 6 5 15 27 0 44 18 17 23 35 22 9 12 8 40 43 29 3 45 49 14 32 31 13 30 24 28
28 15 2 41 11 19 25 20 30 18 27 17 47 12 13 49 21 6 10 43 23 44 1 8 0 38 9 4 37 40 22 46 26 29 3 48 31 33 7 42 16 45 36 39 5 24 14 35 32 34
10 7 47 21 13 11 43 40 39 34 26 2 32 8 24 3 12 45 16 25 6 41 0 17 49 9 18 23 46 14 20 29 31 33 27 36 28 5 19 38 4 30 15 42 44 37 1 22 35 48
47 7 36 45 15 29 28 11 14 3 25 26 22 39 35 27 37 16 2 34 48 4 43 6 13 5 0 9 19 46 31 18 49 24 33 32 12 17 8 23 20 44 41 21 1 30 10 40 38 42
3 0 22 25 7 5 17 23 24 49 16 37 46 47 19 38 27 35 28 31 14 9 33 43 40 42 18 10 8 41 11 12 32 30 29 44 13 21 34 6 26 1 48 36 4 2 15 45 20 39
6 38 41 45 30 40 1 34 12 8 20 27 42 32 18 9 21 19 49 28 31 24 15 5 14 22 11 44 33 23 2 7 46 47 25 36 29 10 26 3 48 13 39 4 37 16 0 35 17 43
14 3 33 43 19 2 37 48 4 28 24 23 6 49 13 26 39 44 17 0 34 32 8 41 47 15 42 35 10 36 16 30 27 29 31 46 5 12 38 20 45 9 40 21 11 22 18 1 25 7
25 46 47 13 1 36 37 8 12 17 3 31 30 14 21 34 24 35 9 26 38 0 33 44 42 49 22 29 6 11 27 19 4 28 20 10 43 16 5 40 48 18 41 39 15 7 45 23 32 2
44 37 30 18 17 45 26 16 13 14 4 47 35 33 42 12 31 32 0 28 38 40 6 9 27 48 19 34 5 41 1 20 8 29 15 2 39 24 46 3 25 22 11 49 21 7 23 36 43 10
37 23 39 1 18 42 34 14 2 4 22 48 36 9 13 35 15 6 43 30 25 29 19 11 45 3 33 47 8 49 12 17 7 38 0 10 40 32 21 27 16 44 46 41 24 28 20 5 31 26
9 15 41 24 23 43 30 8 47 48 35 11 16 36 49 5 26 46 25 6 3 21 45 14 33 10 20 0 31 32 13 7 22 2 28 17 27 34 1 39 40 42 18 37 29 38 12 44 19 4
46 41 37 35 6 24 12 10 16 44 40 15 33 29 39 13 48 42 4 25 49 26 22 18 23 2 45 21 3 30 31 38 7 20 27 9 1 34 19 32 11 43 0 28 36 17 14 5 47 8
49 2 32 16 42 18 1 17 11 46 30 3 0 38 6 27 40 31 41 43 35 15 47 4 34 48 44 12 8 37 9 36 20 26 45 33 39 19 7 5 13 24 28 10 14 25 29 21 23 22
48 29 28 21 41 22 16 26 31 17 42 23 13 6 9 35 34 11 24 49 3 10 39 1 8 12 32 7 25 43 40 20 19 37 0 44 27 18 14 4 46 45 38 30 33 2 36 15 47 5
28 3 33 30 18 6 12 25 15 22 38 20 35 46 29 4 19 42 27 11 34 37 49 26 43 16 41 23 7 21 0 5 31 17 32 45 1 14 39 8 13 48 9 47 40 24 2 36 10 44
5 46 9 40 10 18 31 32 8 7 29 12 33 19 1 20 43 21 36 11 14 35 34 2 16 13 6 30 42 45 0 49 24 47 26 39 3 27 25 17 37 15 28 44 48 22 38 4 23 41
9 10 5 2 28 27 1 0 21 13 15 12 3 46 17 41 48 43 40 19 37 11 6 49 44 18 42 7 25 34 35 36 47 45 20 4 26 16 14 39 29 24 32 23 31 33 22 38 30 8
22 24 3 4 5 23 18 34 2 25 47 14 45 9 48 1 30 20 49 0 11 16 39 41 40 15 7 46 12 17 36 27 28 43 38 32 33 8 31 21 42 10 13 19 6 29 37 44 35 26
39 47 2 13 40 0 28 12 24 10 48 29 18 1 45 6 11 3 33 41 46 43 17 21 35 26 31 34 16 25 7 5 38 23 22 49 19 15 44 14 37 27 20 9 8 32 4 42 36 30
48 47 17 2 16 28 34 21 14 1 46 10 4 49 13 32 36 24 7 33 6 11 31 12 35 42 27 9 18 3 43 30 45 25 20 39 19 38 44 0 23 5 26 22 37 40 41 29 15 8
5 15 47 14 0 22 4 49 12 1 45 29 41 16 18 40 28 35 3 8 7 11 24 36 48 30 20 23 32 34 37 6 26 9 43 17 25 2 42 19 33 13 31 44 27 39 38 10 46 21
22 18 23 7 42 33 34 35 19 47 49 13 36 12 48 6 21 39 10 5 44 45 11 25 15 16 27 24 1 31 26 8 0 43 40 20 3 2 38 41 29 17 28 9 14 4 46 30 37 32
45 47 44 31 46 19 15 7 12 35 40 13 16 21 6 23 8 5 30 14 34 25 0 1 24 41 49 33 22 26 27 3 48 20 36 4 18 11 32 29 42 9 17 28 10 38 39 2 37 43
42 25 22 32 10 28 21 19 17 26 7 4 41 33 3 38 5 15 9 0 12 13 11 29 35 8 39 6 45 2 14 30 34 40 48 43 1 27 20 37 23 31 18 24 44 36 16 49 47 46
4 16 11 44 43 19 38 24 18 0 20 10 14 36 45 21 6 8 32 2 17 47 15 22 27 35 48 33 46 39 28 26 5 49 25 40 12 9 3 31 42 29 7 23 37 1 30 13 41 34
22 36 3 11 16 48 32 9 44 18 23 14 25 45 26 12 1 49 42 4 37 43 13 8 10 41 2 19 46 33 6 0 47 34 15 29 24 40 38 30 35 39 7 31 20 27 28 21 17 5
22 43 23 21 47 26 4 34 20 46 6 45 13 12 33 19 39 40 7 24 44 11 25 29 41 5 48 0 2 3 30 16 1 17 32 18 49 37 42 38 14 28 9 31 35 8 27 36 10 15
23 13 45 8 35 27 39 3 24 5 15 31 0 49 12 6 11 9 25 7 20 37 14 44 16 18 43 1 2 48 26 40 28 41 30 47 42 29 46 17 21 4 10 33 32 19 34 38 22 36
46 24 9 6 42 14 11 36 7 48 19 34 0 10 25 33 5 41 22 38 21 15 27 1 28 37 40 49 32 16 45 43 2 20 35 3 44 29 8 4 30 31 26 13 18 47 39 23 17 12
22 39 44 12 41 46 33 26 17 23 34 16 37 29 15 38 3 2 42 0 5 49 45 48 7 40 43 9 28 8 18 10 31 30 1 6 35 21 19 20 47 24 32 13 11 27 36 14 25 4
16 13 31 35 4 26 20 10 45 36 25 49 12 0 32 40 8 29 23 17 7 18 5 43 41 48 22 11 2 3 19 28 6 21 39 24 14 34 47 30 37 33 1 44 46 27 38 15 42 9
4 17 49 24 29 37 39 0 47 33 41 6 26 45 11 2 1 38 9 40 19 5 30 44 16 3 28 13 42 8 34 36 31 15 21 35 20 7 32 46 14 10 43 23 48 27 12 22 18 25
39 32 26 29 20 25 35 44 46 27 49 42 47 11 10 41 12 2 16 31 34 18 19 9 6 30 33 17 48 8 28 1 22 3 5 15 36 0 43 40 38 45 23 7 13 14 21 37 4 24
4 17 5 31 23 22 27 29 0 6 19 48 40 2 37 33 36 20 10 38 21 26 9 46 43 24 41 13 1 28 34 47 32 11 39 3 12 8 15 30 16 42 25 18 49 7 44 35 14 45
33 48 32 21 0 14 35 15 17 45 27 6 3 26 46 43 22 36 16 31 34 37 39 1 19 8 9 42 49 23 40 7 12 25 29 44 5 20 11 2 24 28 41 18 13 38 47 4 30 10
47 12 41 14 45 10 27 8 22 26 15 19 37 44 3 25 29 35 18 33 48 46 36 28 7 32 34 6 39 17 30 23 43 21 49 40 0 16 9 11 1 24 5 20 31 13 4 2 42 38
39 25 6 5 35 16 12 40 18 13 20 42 21 22 36 17 26 41 32 19 31 9 33 44 8 24 48 10 43 11 3 28 45 49 27 46 29 7 30 47 14 34 0 37 2 15 23 1 4 38
8 27 31 47 46 2 23 4 44 20 11 24 42 28 19 18 33 41 10 34 40 5 48 14 17 12 30 7 25 3 32 43 49 13 39 9 1 26 21 36 15 16 6 37 29 45 38 22 35 0
41 21 36 33 46 13 9 17 6 27 42 11 29 19 49 12 40 20 35 38 28 32 39 31 45 3 25 0 10 23 5 30 43 47 14 22 8 26 7 24 15 2 48 16 1 44 34 4 18 37
34 20 0 38 14 21 3 24 18 47 1 35 22 29 37 13 42 30 49 15 26 25 9 8 39 10 27 17 48 32 31 4 44 2 36 40 12 7 43 46 33 28 19 23 5 41 16 45 6 11
22 33 34 15 24 39 0 31 28 2 44 29 37 41 26 3 40 9 19 6 47 30 5 4 38 46 23 17 45 36 42 25 32 49 13 12 18 7 10 35 11 48 43 8 1 14 20 27 16 21
15 48 5 47 30 22 7 49 13 16 37 28 46 27 35 0 8 41 31 34 24 32 25 42 19 2 17 39 4 9 44 23 43 45 40 20 36 10 29 12 26 1 38 3 21 14 6 11 33 18
35 4 23 41 3 32 1 47 36 6 20 29 27 38 22 45 33 26 30 10 7 34 39 15 12 13 49 17 0 5 21 8 9 46 31 40 16 44 28 48 11 37 18 14 2 24 25 43 19 42
13 25 43 10 0 9 6 16 14 24 31 47 42 21 20 28 44 8 19 17 39 45 32 40 29 3 2 22 12 33 36 49 27 34 1 46 37 30 5 15 11 48 23 35 18 41 7 26 38 4
44 6 45 12 19 30 10 2 13 36 26 25 29 15 48 0 18 28 24 31 32 16 21 3 8 35 42 9 11 38 39 33 47 4 7 34 1 20 43 49 41 27 5 22 17 23 40 46 14 37
25 30 23 48 15 4 20 16 2 49 0 41 13 6 46 39 29 22 18 17 37 12 34 44 11 36 27 28 14 26 42 31 9 10 19 1 35 33 7 8 43 40 45 32 24 21 38 47 5 3
28 21 17 24 22 42 14 13 49 40 5 43 16 32 0 10 47 18 25 8 34 45 31 20 15 1 27 37 36 11 30 12 38 19 6 23 9 3 39 26 33 29 41 35 44 2 48 7 4 46
40 44 21 24 48 47 28 20 34 33 42 39 1 37 22 2 17 4 8 3 19 14 11 10 9 23 16 13 6 15 45 12 36 27 31 5 32 0 26 30 25 7 38 41 43 29 35 49 46 18
25 12 47 32 21 6 1 37 7 0 46 18 27 14 8 28 16 22 40 26 49 48 44 19 20 5 13 10 9 3 24 30 15 33 41 31 2 35 36 23 42 43 45 38 4 29 11 39 34 17
8 28 15 42 36 38 49 24 7 47 25 48 17 37 31 16 26 18 12 0 1 9 5 35 43 41 33 2 14 27 34 39 21 46 22 11 40 10 4 30 19 13 45 32 20 23 3 44 29 6
38 18 44 31 22 39 42 7 29 14 49 8 5 27 17 12 40 36 28 15 41 26 11 16 20 25 13 30 46 35 48 34 47 9 37 33 45 2 0 32 21 4 24 19 6 3 43 10 1 23
32 27 43 35 30 2 49 44 20 38 18 37 45 39 0 28 46 17 48 19 6 8 23 31 5 29 7 10 16 24 1 40 41 12 11 25 34 36 13 9 14 42 26 4 33 47 21 22 15 3
43 18 25 36 49 9 42 21 19 47 5 46 48 13 34 33 27 32 23 3 16 26 35 6 4 10 24 2 11 22 30 40 0 8 29 41 15 39 37 20 14 1 7 12 28 31 45 17 44 38
33 37 7 22 5 14 13 45 17 9 16 26 47 38 40 20 31 15 21 18 12 49 6 11 44 19 35 46 27 48 10 32 41 42 43 28 4 25 8 36 23 29 2 30 24 39 1 34 0 3
28 24 4 40 14 25 30 26 35 37 15 1 6 22 32 7 19 39 46 44 21 23 49 11 41 20 34 43 42 0 36 29 31 18 5 3 48 47 38 12 16 33 13 2 27 17 45 9 10 8
47 28 11 43 15 44 10 46 40 30 0 48 26 33 31 20 22 29 1 2 32 19 18 34 35 41 14 37 9 4 38 16 42 6 24 5 13 12 39 17 36 27 25 21 45 7 8 3 49 23
32 2 48 22 1 39 36 27 35 30 38 10 46 15 43 11 0 20 31 37 5 18 42 49 16 6 13 26 17 21 25 9 24 4 45 41 7 3 14 29 23 12 44 19 28 33 47 8 40 34
22 14 2 21 39 25 16 35 18 43 23 34 17 6 27 45 36 15 44 32 10 28 46 19 24 48 9 7 3 8 13 37 4 38 30 31 1 33 26 41 47 0 20 11 29 12 49 5 42 40
31 32 19 21 30 16 23 1 22 43 8 36 27 17 13 41 24 26 49 2 33 25 10 34 11 9 45 40 42 20 29 38 18 28 39 14 44 46 15 6 4 3 12 35 37 0 48 7 5 47
12 19 22 41 42 18 45 31 15 30 48 14 0 23 9 25 43 27 6 17 37 2 33 16 20 46 39 13 1 34 28 10 47 38 3 44 29 5 21 4 11 49 40 8 24 7 26 35 32 36
17 5 38 27 23 29 9 6 11 14 47 44 7 25 24 43 20 19 34 10 49 18 3 41 33 30 48 31 16 15 45 46 12 1 8 13 22 42 39 40 2 36 32 37 21 28 0 35 4 26
23 32 16 24 31 10 11 15 20 48 44 36 7 47 43 30 37 38 17 8 9 25 19 2 41 46 4 14 22 28 34 6 33 21 3 42 35 1 13 27 39 29 49 18 45 40 26 12 5 0
44 25 33 3 22 13 23 9 0 14 29 28 41 20 4 32 2 12 35 30 18 5 21 19 36 10 8 17 49 1 7 42 47 38 48 11 37 24 26 27 34 6 46 39 45 43 40 31 15 16
31 30 14 23 12 46 39 26 28 34 0 15 9 20 27 42 29 13 44 41 18 19 24 16 43 48 37 22 8 17 47 35 4 33 49 32 7 45 36 40 5 3 11 10 2 21 1 25 38 6
44 32 42 11 34 16 36 14 45 30 21 20 37 46 29 33 8 25 0 47 27 43 9 17 40 22 10 49 5 38 41 35 23 4 39 7 13 15 48 6 1 24 31 26 19 18 3 28 12 2
10 1 28 39 43 37 34 45 19 36 18 2 41 35 30 26 8 0 6 16 40 20 11 47 23 25 32 5 15 14 7 49 44 46 31 33 13 9 48 4 22 42 17 27 12 29 24 3 21 38
641251
519835
648952
607977
570822
417757
503134
637135
430890
546226
503147
503214
591038
401110
584053
610558
594447
507340
471740
571762
658443
619632
508026
460866
631250
433042
461183
542508
489368
500143
510975
628884
511028
637790
407996
494493
487925
555772
570548
599225
657973
435569
541961
555037
607690
462227
418168
412193
470568
471818
75623.8 88955.84 78822.68 15141.079 67232.88 58190.94 9212.339 95829.31 75061.06 112027.33 128597.47 87674.29 5575.246 91875.88 7852.528 41810.754 63077.684 9879.022 81460.02 86153.04 36370.773 64652.188 76767.14 32245.559 67948.2 28880.406 53181.402 30362.914 78636.586 103764.36 17677.498 25714.594 17886.33 93956.37 58463.395 53952.246 67249.125 27988.541 98872.6 118120.945 10709.603 51003.383 82607.04 52687.895 40249.285 77855.56 13626.772 92935.21 30750.443 101272.414
17639.393 33186.156 25905.084 29582.084 43852.723 15029.898 33345.29 31770.842 29420.377 17952.549 24092.535 7470.611 37169.07 19823.908 33977.74 29996.662 20168.434 36949.773 26490.889 9585.131 31835.541 7085.994 21506.838 21603.465 40023.47 26007.082 20567.355 29287.049 2459.91 12350.668 29828.672 28699.512 27527.793 35505.984 8215.979 18324.578 6494.3164 23775.24 8194.07 24940.17 37776.484 27148.102 15278.133 32571.295 23451.766 5003.4233 38943.1 4130.5825 31359.297 12258.652
53327.363 87754.66 65793.27 57840.516 94999.93 19461.959 56698.223 79913.625 85779.695 57653.062 61935.56 47470.043 57260.67 60365.297 53056.44 62731.11 55612.62 75169.53 74127.484 12834.035 78276.24 42829.484 57386.598 40177.465 86259.23 40077.86 60572.652 60259.605 31244.955 49963.258 64860.605 48903.203 58077.645 90908.664 32160.518 49089.73 25041.76 44510.08 39847.418 62523.816 68428.836 63900.47 53955.465 64513.55 65676.086 35168.742 68611.77 32389.736 71643.72 51376.133
268.14706 16629.377 5992.104 22540.17 18291.445 20444.55 26631.244 10404.368 12517.877 15249.053 17481.736 9072.899 23157.42 9967.282 20779.322 14110.5205 4517.162 27716.621 8999.303 21062.486 16665.398 7358.8936 3760.4912 19260.312 17704.8 21394.123 7997.26 16626.92 11862.106 13337.083 17104.072 20336.158 16701.41 15150.552 10961.181 7309.9976 12618.468 15166.542 14554.09 14162.2295 22087.934 9151.674 8146.4663 11067.082 13000.832 11617.805 25045.432 12823.342 15148.384 11075.203
11973.178 67268.3 31910.035 83595.63 73052.09 55892.367 96830.13 42881.223 43790.38 36727.34 48410.195 18341.34 96319.97 29502.064 85666.72 54783.17 26002.646 93292.64 38291.176 55440.977 77545.23 14359.517 24268.898 56896.355 78556.62 72383.5 34456.82 64235.55 31598.635 35377.21 68075.21 75653.76 65241.055 59443.727 30967.299 34129.234 35487.375 55768.53 35109.27 39205.066 91166.84 44594.316 16686.844 59175.3 52393.88 19810.37 81481.055 29584.69 65439.113 24550.346
5354.7417 6964.822 2198.0176 19820.645 12269.609 21920.486 19915.47 3449.9841 2744.2854 13087.77 14006.794 13159.403 23195.555 9974.92 19258.184 11788.884 5816.6934 21606.13 808.9165 18874.541 12792.523 11667.916 3097.9363 17114.537 9993.148 18822.893 7939.1196 13427.839 16891.2 13745.136 17135.34 18540.672 16303.902 4839.2466 12115.356 8937.268 13853.677 17164.559 14963.983 11273.726 19773.701 6548.552 8881.585 7617.153 11030.967 13114.178 20132.166 14190.108 12821.654 11157.201
51245.785 64771.83 51373.812 10323.776 47196.61 44366.38 13245.454 63096.49 55853.574 85892.14 95593.08 71763.15 13540.589 74658.414 4595.4614 24442.42 36722.324 15252.602 63194.16 72463.38 25331.742 47342.906 52076.71 18645.924 51812.406 20316.98 34931.848 16607.09 60349.555 89634.68 7207.96 18883.588 8005.777 66356.555 44631.15 36170.59 44495.68 14499.17 69932.445 84843.97 10729.607 38530.01 67180.6 36932.82 24533.537 60489.723 13179.164 68048.21 20109.982 80982.11
22599.426 35280.434 20331.328 75339.805 47719.883 66298.31 72585.74 15002.358 21957.68 21354.57 27627.318 28656.682 74420.164 12724.63 66241.54 46142.82 32646.357 81375.79 23098.865 63010.46 59616.875 36479.297 24186.17 56600.85 42526.87 69423.48 36939.61 57136.04 42202.582 32121.348 64804.336 62081.87 60375.543 27103.748 48386.785 41634.77 42183.344 62740.7 39244.1 11522.632 78897.586 32581.14 15300.877 43921.58 42836.31 35021.633 80681.81 36421.63 51131.55 27211.02
36677.15 58439.113 37238.727 27408.75 47776.656 49815.06 39889.316 58003.934 52426.06 68331.75 87249.484 52641.07 38071.51 68986.21 26912.822 15157.305 24845.38 38976.887 50392.18 67261.79 32177.773 41787.008 34702.246 21146.883 51559.29 31770.814 15357.16 14166.943 51865.816 67034.54 18325.402 32281.354 20066.521 69666.06 32764.48 12983.694 44111.31 17955.605 62175.953 78548.36 33068.617 24125.512 54145.8 31869.9 10946.797 55834.477 34439.11 57530.227 18380.137 70250.72
33573.223 33545.66 24593.27 33146.97 29101.523 50049.457 41033.91 43969.777 34080.29 58004.016 70399.84 57307.59 34596.26 55618.6 32353.354 2026.0388 17709.268 37482.09 30289.008 56634.52 13460.215 36223.992 26896.842 33136.52 24507.773 43600.78 13759.44 11007.817 51273.715 68616.54 20243.229 38291.297 21685.709 43550.797 36827.324 15068.725 44648.14 22826.637 65153.605 64473.938 27878.611 12750.94 49271.17 12491.639 3869.9534 51888.035 30150.95 54244.81 9217.307 60821.29
25212.28 57583.246 39252.07 75880.305 75282.87 62513.26 85506.65 40091.465 46899.855 7870.0483 17395.588 13958.769 97466.11 13319.724 78610.766 57038.406 40797.113 99112.42 41796.863 45966.48 72806.555 26824.16 33129.99 72378.125 73717.56 76546.734 47183.598 64406.62 22146.264 10897.995 75469.61 73922.734 63918.45 53976.9 39874.387 43932.16 36340.293 66779.44 15586.8 16451.867 86297.8 49863.625 13255.981 64443.285 58918.426 16839.139 95941.25 19860.617 61514.594 4554.198
40530.156 79755.58 50474.977 39266.39 79055.68 14420.417 54861.86 71617.4 76587.16 55852.176 67517.84 36223.44 54087.75 51060.336 51689.44 45392.4 37411.715 59457.957 54978.645 18035.41 67246.23 24075.42 44583.61 27345.312 72445.07 34600.633 38367.242 45436.445 24176.158 50503.645 44745.098 38230.36 40946.297 85701.61 11969.048 31846.621 8580.897 33659.51 39026.754 66804.29 62693.715 46492.21 51932.184 55473.785 49425.195 31335.654 65680.42 34215.13 50826.383 44599.426
27188.863 42409.07 29739.637 73356.52 54980.977 59972.836 78307.11 30959.01 39520.902 4059.1377 6970.3945 19158.588 71002.33 6933.197 64746.5 57096.906 37092.582 83145.75 34135.85 45848.51 64606 26099.404 29962.975 59505.414 62564.35 62517.71 39044.34 59162 29061.072 16369.526 59485.273 60651.062 65702.93 35491.84 34048.62 43271.63 35834.59 56985.52 19477.648 6259.1406 79944.47 42167.984 13376.62 53811.68 47515.66 24855.414 72104.96 23014.268 63111.5 13421.932
5942.976 13218.455 7550.582 15682.534 15967.787 13396.892 18613.639 8646.207 9920.203 3394.205 5666.735 3106.2659 22352.975 2836.851 16644.695 14221.265 9254.754 19365.57 9161.258 9745.312 16032.346 5176.419 7389.142 14665.038 17917.64 16708.572 8827.894 13785.64 5912.38 3510.6365 17004.93 15892.706 16745.953 13251.753 8953.773 8920 7889.8574 14695.935 4660.183 4173.503 19495.684 10883.684 1666.1434 12394.176 14031.853 4006.1023 18804.967 4776.106 16903.967 2008.4087
30807.547 5163.0938 21304.451 49031.996 16536.39 53829.133 51137.94 17258.877 11737.196 42986.93 43626.098 45844.27 49694.254 33530.4 47234.76 31058.07 27430.154 51204.523 15991.961 58599.21 29321.469 40354.2 24820.51 52071.797 13492.792 48386.96 31562.117 32425.344 52998.297 53967.79 43781.92 52020.53 41341.25 10567.919 49082.312 31801.988 50751.285 42270.723 49585.316 40994.27 44788.58 22231.543 34643.11 21887.424 29465.87 43738.34 47628.355 55967.137 29195.291 48694.07
50217.547 28184.135 38654.676 68426.75 10023.379 87444.06 66206.64 54876.34 39913.53 94848.125 115219.734 81478.7 66962.266 83619.555 51465.535 22206.021 40773.004 59209.508 39061.902 101527.445 20558.756 68987.836 44254.664 61795.418 11692.6455 67942.875 38449.543 34559.45 81766.04 105728.13 45669.387 61600.418 51664.746 42005.973 71870.63 39806.305 71971.22 60129.11 95776.11 82858.8 45924.516 24704.668 65261.5 13277.803 31408.484 86661.76 46840.133 102075.086 27526.03 95625.07
21148.53 56454.953 33212.1 38314.49 54232.133 26337.7 50979.82 46263.684 40548.543 31166.53 40661.953 14740.456 56710.203 27234.162 49818.668 37510.914 23958.387 60658.562 39783.03 20442.72 51855.668 5538.0537 26723.83 30936.293 50396.688 36863.742 22266.322 40649.777 13062.358 24044.047 47271.992 38811.25 36024.242 48858.01 7503.4414 21867.012 9357.075 34201.492 17502.385 40062.258 52831.31 35482.676 22735.494 45162.36 34803.008 11694.968 53660.81 15493.916 39588.977 19751.672
9206.462 15805.499 10561.583 5258.9766 14201.047 7410.2666 7464.9385 15786.307 12760.804 16700.191 19344.848 11797.586 9397.4795 14792.43 5923.3193 7199.473 7142.3633 11317.806 12403.326 11858.364 10015.238 7385.599 8513.723 3284.6445 15056.562 5274.054 5038.077 5077.683 11037.238 14542.967 5748.84 4750.4287 4072.5405 15407.576 5625.6636 4341.0396 6533.4756 2310.1519 13041.702 15554.5205 8366.913 7488.446 12293.402 8867.613 5558.1006 10290.506 8883.37 11134.174 7165.4062 12828.58
43641.695 81438.76 63762.91 49281.715 88366.766 13290.548 60324.613 81373.195 68797.75 53048.633 72134.92 36627.176 61526.7 64225.316 51734.246 53220.367 41265.836 73836.65 59723.68 15467.846 74599.95 25328.785 53269.477 31515.17 84769.914 38678.285 39521.37 50443.117 26071.38 45966.97 51145.84 38908.76 47928.85 90534.38 16388.805 44522.875 10858.106 34834.367 37034.516 64868.867 67606.49 53642.26 52805.52 68792.25 49277.277 28444.803 72282.72 28546.395 64946.94 47081.402
6571.725 27922.959 12868.649 25706.762 26670.723 20211.99 32252.02 20916.217 22244.531 19965.121 25848.064 12207.384 33710.1 18718.188 26244.367 15762.531 7668.5396 35534.45 16971.244 22357.664 22044.67 6461.011 9961.306 16774.854 29867.283 21753.557 7886.23 18929.7 15943.064 22474.064 23072.742 21946.488 18652.342 24824.346 9608.292 7456.65 10086.61 18623.078 17089.777 21636.598 29586.273 12063.098 12855.857 19007.848 13883.473 13216.375 28631.898 15738.172 21643.953 16872.475
2132.5222 2523.8862 2198.942 279.31775 2085.2522 1588.0414 326.65097 2827.8274 2830.4634 3682.112 3864.6921 2746.869 347.52316 2857.8044 8.35927 1063.1406 1751.0905 584.0171 2175.552 2801.5872 1240.5587 1918.7123 2112.2192 736.47327 2121.8855 706.5473 1489.5011 804.3364 2696.2869 3314.4702 487.59564 521.92865 367.31836 2952.4558 1801.232 1292.0355 2112.358 675.59406 2664.4785 3154.1 515.8783 1760.5431 2638.785 1698.8136 1132.0905 2579.9124 575.8494 2814.7075 934.7592 2801.4385
44937.92 29734.803 34315.883 43551.64 11006.881 67574.625 39710.203 44999.55 33891.027 70804.414 83335.445 64778.89 39634.22 59677.71 40391.438 19186.113 35608.223 35487.945 37417.227 75986.92 11031.958 52358.934 36480.312 43718.664 11874.194 50731.816 33550.547 22890.643 65410.49 68978.59 29325.86 46997.95 38331.656 36624.227 48939.223 35393.82 63437.14 39019.08 65631.59 63624.94 28104.646 22050.59 62002.906 15903.412 22389.232 58751.17 25635.914 72670.055 18050.967 61592.84
20621.092 32647.037 22439.21 16638.03 33552.883 2681.5947 22898.328 29695.34 31193.15 23009.453 28219.154 16208.935 23696.14 26870.207 21020.75 25061.016 17809.203 28327.307 28348.295 7008.0366 25157.055 14490.82 23067.61 14430.938 30249.531 13323.018 17679.44 21420.617 12193.536 22921.201 22977.88 16167.477 16868.744 35332.336 8041.685 16139.704 7527.2363 16208.078 17191.678 25974.8 29108.738 24619.61 20383.236 29161.1 20711.498 13677.625 25333.965 13255.286 23071.227 18618.354
36156.04 53481.188 42750.812 31961.578 59732.688 8688.987 32556.24 51947.05 50856.957 43819.41 49140.2 27754.277 33353.723 40866.887 36362.18 40190.305 34274.914 39319.84 48308.242 11792.049 49125.207 28389.309 36344.523 24462.924 56394.152 24454.467 31646.426 38606.363 21659.945 36239.113 31817.52 22297.736 31354.959 61931.875 19623.934 35507.504 18519.408 25222.139 31893.867 42957.24 41322.875 44677.84 35893.9 47855.363 39926.785 28091.36 42415.133 25363.13 43133.37 32915.277
23824.564 38375.402 28872.236 11113.736 39640.68 8829.518 16619.91 43173.24 36252.324 38470.242 39034.95 28252.713 15681.274 33346.656 16317.811 20112.824 23776.877 22284.768 30141.195 20538.422 27330.908 19935.162 28853.875 6426.567 36271.555 6719.7695 20676.287 21130.62 22515.562 32322.408 16754.7 7374.2046 11806.305 44454.527 13466.907 19233.906 13578.19 9241.682 31604.271 37007.883 24185.113 26610.514 30282.586 28739.701 20033.346 24275.13 24832.332 26713.613 24308.16 29138.988
34302.746 83825.414 51883.863 82989.625 86136.984 56001.164 85614.266 50831.043 55625.137 20181.424 28569.846 4349.508 97048.375 28340.861 75331.6 68801.99 41014.527 94237.914 56498.957 39153.977 89064.54 20896.066 39764.242 72971.15 93248.805 78783.234 50039.45 68830.4 13775.666 11489.683 87077.77 75555.016 71873.9 65387.367 34718.066 50529.426 35533.9 68008.195 9159.024 32539.691 99756.17 55708.45 19309.635 66280.945 59750.156 8712.989 87802.805 11641.842 77855.11 8296.725
25355.389 28482.635 25501.174 9583.601 19854.033 28842.727 8276.332 35602.45 32881.08 39777.926 41813.254 36295.895 6896.4717 39744.89 7524.717 12816.136 22018.506 2420.283 27637.496 34614.285 10797.458 26618.105 24893.688 13716.507 23135.264 15760.294 19582.805 10169.347 31084.982 42502.887 8123.5947 14250.584 9587.865 34659.094 27380.059 20669.21 25001.762 12855.621 39643.535 43898.44 1525.0713 18261.973 36803.094 19876.77 15575.87 35235.727 1651.3519 35509.9 10751.885 39038.223
46602.496 69296.516 52726.87 41244.316 67330.99 11839.613 43822.164 57417.062 56726.53 49209.555 54686.26 37220.785 46348.094 49580.188 45124.137 46214.668 46159.3 60127.285 64223.426 10443.554 53106.367 29136.729 49216.08 28828.848 76407.945 35174.05 46069.31 43556.71 27584.139 37424.24 52386.695 36673.83 42590.055 69501.61 26217.781 39361.89 22909.943 33749.766 35098.81 56961.348 57677.27 50858.03 49810.004 63110.03 50972.242 29877.502 61446.145 28281.537 56503.777 39911.152
14902.373 26951.672 17445.744 16453.498 23472.611 4576.633 19033.854 19748.621 20841.996 17890.746 16381.163 9449.879 18704.951 15060.603 19049.908 18298.008 13937.68 23092.195 19237.373 1704.9678 21412.906 9583.022 17761.895 12611.292 23058.578 12255.115 14348.744 17810.832 6681.6343 11278.037 17579.549 13853.915 15846.174 26869.127 5983.753 14893.393 4484.7954 13189.623 8809.441 21003.857 19582.031 19252.873 15193.734 19000.041 15860.042 8295.807 23233.863 7395.239 17519.08 11785.294
1968.6041 8771.205 2824.1777 16155.294 13719.312 16763.457 19836.586 6126.0327 6138.7593 8584.926 11064.776 8433.617 19732.473 5981.9175 15654.052 10283.476 4027.7192 21193.688 4207.7163 15044.514 13708.778 7240.856 1843.2539 14345.209 11274.754 15403.428 6431.888 11071.767 11406.875 9452.336 12701.428 15677.87 14663.308 8826.9375 10012.95 6425.0117 9574.449 14234.621 11041.696 8460.74 18566.588 5342.7954 4683.24 8738.676 8476.122 8698.178 17221.201 10755.623 11385.726 9107.108
18187.328 38821.863 21542.434 55747.348 53516.2 48798.004 62380.047 24014.422 27047.566 7000.62 14307.77 19058.4 65411.887 1050.5216 60846.562 48295.5 27057.283 67032.72 25255.951 44600.12 51014.605 26220.768 21286.988 55114.734 44526.164 53592.15 31196.16 46537.066 28331.506 14638.511 52347.473 51339.527 51919.86 28040.621 31806.314 36114.355 33907.18 50404.15 22700.473 3576.4705 60151.996 34455.742 7923.669 35870.96 40487.043 18839.256 58008.88 21270.803 44996.55 11770.905
35000.246 83739.65 50388.324 62802.312 98473.36 35579.273 73171.25 69464.266 73676.016 46463.047 58643.566 19826.76 77976.73 45365.03 69482.68 57599.95 41100.68 82444.234 57024.336 31219.248 77267.39 11033.079 46699.066 47801.16 93209.85 68181.13 43843.85 66288.95 14258.147 39496.17 66518.59 66158.48 59234.34 80813.42 13328.888 35595.363 11456.035 53392.77 26047.752 62026.125 86788.56 54980.24 38144.58 61060.258 52171.668 16864.436 90746.17 19194.977 73687.47 31663.512
9641.734 37324.594 18692.25 38534.242 45225.246 31147.18 51382.285 20491.113 26976.24 13961.184 22551.398 8336.098 51103.82 12024.774 47482.184 34666.76 18183.701 46605.695 21423.88 30546.338 43105.68 10251.39 14386.76 38008.652 35540.035 42333.79 20364.059 34888.73 17285.748 15544.449 37126.188 40696.17 39431.027 26298.684 17712.115 18917.664 21963.916 36448.81 13526.38 15926.2 42923.51 25849.709 4406.358 26469.479 29529.271 10848.152 50654.035 13786.572 36048.08 10335.803
35375.094 68632.75 45018.438 32679.28 56418.21 3239.3062 36645.008 55402.234 61649.703 48136.156 57503.137 31165.662 37427.234 52114.28 33267.504 40975.96 36077.285 44683.438 48300.766 14316.19 53058.758 24606.875 42257.11 22211.24 67047.84 25459.367 37428.477 38738.332 26043.346 39896.69 40414.055 26762.639 31110.523 69110.03 16005.79 32310.666 13911.342 25851.904 33694.457 55480.918 42629.668 43476.227 38093.348 48185.246 41634.79 30631.176 48261.555 28150.703 44483.004 41689.9
39922.008 79454.234 56271.215 37263.01 70264.016 9910.264 52120.574 66223.9 65032.875 63287.88 69721.266 36578.594 58145.492 62071.645 43452.73 54482.773 41348.703 67153.01 57188.008 20848.986 65643.35 29640.516 56434.945 26051.367 71339.14 35571.445 41358.484 51946.293 28638.383 51277.184 47625.812 35083.47 41297.11 74482.89 14348.777 36914.984 12381.061 33075.285 39591.35 72964.8 54825.137 54831.2 55715.367 57971.37 48921.637 31170.434 67540.836 34784.645 48758.89 49932.492
29934.03 9432.244 15899.369 57418.97 27598.293 71086.6 61563.277 10140.426 4808.322 47899.64 45745.918 50040.582 57830.22 39496.484 57431.71 33796.695 25129.41 58702.816 11892.892 64835.586 40211.04 42327.277 21454.305 55602.457 19631.988 64773.7 31424.29 37361.57 52346.094 49913.824 44807.465 54072.215 50047.805 3950.648 52924.66 34452.35 54095.5 52556.91 56985.96 36669.633 58940.383 22091.244 37221.453 19780.84 34014.875 45692.527 51972.195 56158.71 37858.28 44020.844
49374.05 42486.312 42819.055 40323.832 25724.352 73518.87 47056.41 60567.5 47811.35 95026.07 94840.18 81491.58 47306.45 70162.06 38541.934 12030.264 32400.39 38163.758 41243.08 90113.16 4942.866 52523.926 40348.902 45182.21 25735.086 56869.605 30134.162 15516.671 72218.625 80886.37 21917.723 46013.043 35044.203 51960.863 52663.88 33164.92 68404.07 34918.773 79409.29 75024.95 28208.957 25351.512 62660.12 16868.5 16233.062 75308.58 32187.73 76364.086 9291.81 76885.82
17123.305 9562.787 11104.988 16478.025 4187.6426 24987.484 17991.84 16216.823 13685.347 31148.586 32203.064 24877.834 20530.395 27470.092 16665.182 6870.042 13109.307 17868.123 12451.907 28984.035 5378.2856 20906.969 13076.256 17001.965 4401.267 21040.084 11097.841 9754.468 27838.287 32197.926 11928.296 17330.236 15506.754 14778.26 19513.303 11653.084 24338.518 16794.59 31960.904 27795.598 13397.423 7711.963 22440.795 4591.554 8079.4956 28363.3 13489.15 28360.084 6609.711 27230.625
5467.3228 998.3134 3721.3613 11459.788 3924.2354 12918.285 13155.907 3112.161 1694.9613 10242.31 11577.789 9720.567 13465.94 7556.1978 10894.448 6177.08 4837.674 11505.234 2360.1973 13650.339 6037.5283 7997.073 4210.4775 9860.242 3294.1807 12152.889 5624.9106 8072.4688 10524.832 10313.241 8334.702 12040.345 10702.781 2096.0552 8862.5205 6148.6553 9941.139 10255.948 12450.276 9186.212 10494.991 4230.574 8283.982 3828.9539 6205.757 9185.617 9082.058 11521.731 6799.5493 9159.2
10623.243 21057.33 10536.0205 27299.143 23980.617 32925.5 34453.332 21447.004 19848.047 31852.639 35628.613 22613.293 31268.328 23521.738 26016.29 11467.901 2179.8887 29344.803 14193.055 34244.85 18715.057 14916.33 9236.319 21704.145 22238.525 31073.549 3002.9133 16024.649 24653.36 29002.746 21560.082 27226.156 19068.32 22256.79 18156.682 4394.131 21605.559 18782.03 28353.418 29922.99 26272.975 5535.2046 20936.271 10550.838 9856.547 22301.467 28084.072 25092.342 15726.761 26785.055
51411.45 88997.22 61577.51 28337.479 80999.73 17858.75 35584.69 87296.29 75825.516 79556.72 92160.72 54374.26 38871.89 68668.29 34044.55 45334.777 49566.656 50736.355 75524.484 38047.4 54516.47 35949.234 60773.41 13865.311 77574.06 20287.475 44089.254 44873.645 45233.336 69758.71 39067.086 22538.502 29797.332 85947.29 28133.889 36762.324 26433.74 21433.615 64837.83 92749.72 49997.38 59286.19 70196.6 66185.27 45578.535 48402.652 54286.81 58098.92 49430.973 61804.977
17349.533 42677.957 22684.479 55270.008 55118.902 46322.117 66077.41 25427.887 31848.168 8670.38 15447.612 16688.762 73077.92 3178.2588 58568.92 45384.59 31334.479 67830.56 24058.57 38506.04 51214.992 21546.455 22252.646 55843.125 48599.66 63219.043 30480.043 54724.176 25561.094 16224.819 59461.363 64069.94 50373.383 33126.633 30010.248 36132.895 34939.895 55273.785 19184.586 8469.894 68270.07 36175.51 4025.5947 40962.656 44691.227 19268.207 61717.977 21629.959 52813.508 10798.118
21970.32 5765.048 15944.736 36479.465 10356.44 37725.58 36992.285 14691.475 11545.159 34775.188 32207.037 29160.322 34423.19 28753.17 35038.85 21178.65 21945.115 31397.807 14355.88 40717.363 19815.389 26502.297 17482.127 34445.402 9055.806 36044.95 21136.125 26001.297 39176.406 33828.76 24253.428 33415.348 29104.547 9287.098 36090.45 24406.057 34077.41 32148.31 35349.387 28449.422 27898.855 15014.315 28519.332 15795.316 19124.387 32779.598 27080.22 32279.674 22120.238 33369.1
39492.523 67358.95 52322.28 27582.445 70305.164 40713.08 35617.15 77726.96 72608.33 74962.195 93276.24 61234.832 41423.03 74398.11 30556.955 35413.586 31502.035 46304.156 60312.96 54017.23 46231.613 37992 43042.63 12796.476 71354.96 25803.729 24872.627 27860.22 52583.652 71540.43 30573.244 22202.088 19583.828 83763.11 27991.604 21990.654 34694.496 9646.309 70232.445 92245.88 43777.117 39499.395 61155.652 43572.95 27824.604 53114.02 41681.484 64856.246 33709.91 73969.93
26019.396 43873.047 27046.955 25884.488 31925.963 47320.445 38710.957 41892.812 35535.234 53054.92 68881.1 48977.457 35737.56 48958.09 24729.816 8709.169 14172.278 37196.484 29247.467 47886.05 21349.137 29675 25865.129 24307.48 30665.986 33075.332 9868.067 10522.102 51848.21 51615.574 17583.125 26576.943 19460.164 45798.746 27070.674 8825.678 32037.035 17357.186 48260.88 55446.348 28854.47 15424.202 42724.844 19955.082 4797.5557 48871.99 31067.947 49082.39 13599.596 57200.266
37724.22 70719.06 46161.367 50508.043 71956.32 19614.44 50965.3 60900.95 69122.56 45468.11 54604.867 23870.885 55647.18 46675.074 51730.65 52044.3 38045.082 65114.832 54288.867 9650.7 59283.094 22025.768 49211.805 39258.773 74793.27 42324.562 42897.273 50626.277 16723.701 34074.04 55526.145 45326.88 44077.066 66158.125 13728.617 38482.094 9463.247 35872.203 25266.643 51707.996 68669.77 53739.73 38832.473 51837.434 46810.043 23227.148 60800.676 22197.156 58258.19 30715.477
39465.65 74559.7 53212.293 38957.23 75364.77 30995.447 57959.22 77917.68 71468.164 67605.82 88834.04 40920.957 57152.707 71164.914 47804.36 41380.96 29170.541 62317.65 55011.81 41309.74 49518.492 22670.117 41063.773 25073.29 68046.63 36133.08 25470.852 42643.68 37495.65 56770.12 40120.645 34529.492 37630.06 78012.3 14088.554 25630.148 18650.172 24898.418 50233.168 74280.76 65193.848 45785.945 50959.55 56418.133 33866.836 42915.73 63793.184 43795.18 45160.477 51891.945
15445.555 27453.303 20672.22 9841.818 22684.984 2147.934 12057.342 25874.055 22378.865 23694.375 26383.314 14203.4375 14035.34 23613.648 12700.024 16893.953 16663.365 17361.05 22736.809 9072.481 18066.305 13344.009 18728.32 7468.4766 26643.352 6472.5894 13671.595 15834.934 13015.072 20615.94 13132.866 7603.5986 10966.296 24814.908 8886.272 12230.306 7820.415 8417.48 17711.84 26913.709 17401.502 16135.104 21284.95 21523.172 13787.253 13847.492 17224.115 13786.332 16486.184 18469.35
1846.7463 4933.059 2992.09 3512.3699 4850.131 2849.217 4264.3384 4279.8604 4507.8643 3824.078 4531.0713 2300.3215 4727.158 3610.1296 3807.0444 2891.0037 1944.478 5051.0977 3265.8445 2700.752 4288.0938 849.69946 2472.334 2836.931 4850.2227 4026.561 1930.7244 3482.132 2080.625 3582.0186 3365.6008 3246.546 3144.5725 5259.8657 761.0913 1560.187 1155.3749 2438.0713 2703.6829 4481.4175 5097.9673 2983.0156 2814.95 3429.302 2594.528 1880.1693 5502.985 2529.112 3920.724 2904.579
18262.713 36976.402 22357.451 17628.412 35040.406 4788.104 20424.342 31509.322 30324.314 30158.838 31351.406 19101.557 25964.61 31614.229 20757.508 22354.732 19741.416 27243.936 26225.262 11597.521 28865.258 12294.907 23573.566 10463.789 32292.664 14722.162 15780.362 18435.572 14495.727 24612.799 22474.055 14988.86 17156.05 33346.85 6790.6924 14480.189 5765.9336 13001.785 22242.367 30385.766 26199.762 21656.139 26613.518 24760.855 18139.06 15702.993 28888.896 18123.764 21916.615 23890.734
4717.7476 6827.347 5072.623 12591.821 9313.245 13353.46 14458.029 3334.8945 5127.712 4128.055 5341.0254 6177.9556 14967.514 2238.529 13789.814 9295.787 7622.737 14816.435 4512.16 12821.587 12626.538 6232.549 5139.0264 12731.863 10281.681 12976.112 8293.609 11544.045 7329.3955 5742.3896 11837.957 13286.388 13713.809 5372.537 9393.99 8469.438 9280.855 13202.044 7706.5854 1816.0485 13825.571 7735.0215 3199.022 8783.332 9529.159 6389.934 15983.941 7689.5513 11007.216 5746.7783
17609.012 27526.215 19583 7296.6587 23031.332 6858.3223 10355.959 25027.842 26387.973 27246.547 32134.834 19334.838 10800.551 26584.523 8511.354 12679.792 13918.87 15529.94 23013.553 13567.031 16165.399 13634.705 20325.242 3188.9343 24610.512 3877.971 14253.555 11204.461 17265.262 24885.672 9749.679 4236.294 7839.0117 26045.307 11139.929 11699.765 11407.123 5519.1035 23257.777 29745.4 12639.903 17306.334 22671.98 16790.4 13907.3545 18569.992 14108.953 16846.188 15461.607 22014.775
9456.792 1564.4731 6213.0923 15557.306 2921.1692 19691.154 16359.048 6835.606 4381.519 14026.819 17521.121 15143.152 16015.09 11841.965 12802.776 7444.2803 7497.643 12998.051 5820.4663 20247.553 8170.131 12525.256 6658.4595 15298.128 2487.4868 16237.435 8434.472 8947.617 18540.45 17500.09 11187.4 16542.602 12747.962 4871.08 13722.6455 9908.672 13727.674 12625.672 17089.598 12440.798 11700.999 5394.5913 11651.217 4583.548 7668.084 15341.1045 13624.848 17272.459 8835.316 15415.509
28062.23 49779.082 30292.887 25292.812 52031.914 10524.091 28176.996 47991.74 46779.055 41543.367 44397.5 27304.912 34641.566 41812.016 30026.646 27700.615 26928.13 41360.668 41593.094 15447.182 37139.547 15859.988 27980.102 14765.287 47457.984 19850.086 23454.32 26848.457 20272.514 32555.133 27804.094 19244.562 23241.648 45817.637 8686.508 21337.152 7923.783 16692.516 27388.064 43234.094 33299.742 29615.287 32020.086 35551.21 28802.293 23293.346 38691.055 22843.258 28555.29 28679.408
30858.78 4682.582 19645.523 57429.516 23604.422 80671.414 71119.31 17604 9414.502 49482.535 53808.25 48239.805 62512.01 39392.984 54296.875 30834.264 32428.406 59397.32 14228.931 73686.22 35590.25 46528.7 22401.242 53951.766 19081.547 73628.19 34188.574 44887.992 65831.33 57149.258 49355.49 70213.09 56426.9 7519.86 56403.117 32333.738 64594.395 50855 63898.957 39985.47 62652.223 24891.123 43207.38 23336.291 33145.938 52766.633 59091.926 64078.508 39815.734 58434.305
2943.6 4479.8574 3352.8289 753.2029 3820.9895 1906.8219 1345.409 4811.753 4215.7256 5426.17 5596.2256 3454.8728 1451.0983 4420.604 1209.5142 2080.5469 2439.0732 2109.9841 4297.295 3051.1436 2764.3606 2591.2334 3048.233 156.27904 4350.889 513.2871 2383.1826 1755.0051 3369.8125 4387.817 1449.8157 331.87497 771.28064 4421.3564 2177.3223 1990.3258 1998.4819 480.37424 3946.376 5059.548 1827.0195 2762.633 3853.7417 3232.1807 1865.8718 3551.0134 2181.5588 4005.5293 1998.5355 4135.3247
28660.943 40088.72 31559.8 22142.967 42550.19 7435.737 27330.934 41422.895 37920.37 31405.613 37316.61 24827.025 29299.906 36764.22 26300.71 28579.941 28467.314 37222.03 40457.445 8763.333 34867.22 22718.11 31347.846 18874.709 48255.434 21124.096 29998.371 27763.17 18684.15 26721.27 31550.328 19964.879 27772.53 48585.05 15720.045 25942.549 13524.512 20432.76 22956.033 34396.32 31003.111 35074.79 29816.898 34423.973 30724.797 19753.502 32454.73 20897.26 30165.824 24966.432
1574.6044 7835.2407 2722.0603 9079.874 7984.312 9015.975 10286.462 5479.405 6130.408 7503.8945 8980.829 4758.4175 9139.288 6002.333 9289.691 4747.011 1088.7241 11036.445 4434.4224 9334.315 6715.073 2801.1033 2272.226 6279.218 8684.882 9061.323 2091.4282 6002.7563 6154.2964 6939.6255 7098.917 8389.281 7388.699 7764.8677 4188.078 2133.0176 5164.4424 6428.66 7603.267 8248.357 8857.393 3368.6428 4935.858 4850.1235 4452.0913 5031.7886 9942.706 6413.7524 5775.283 6589.326
61217.113 74301.64 63188.07 15086.88 62875.133 64445.164 15313.461 83876.91 80323.95 103174.88 113709.67 89615.83 14405.313 89165.89 8087.008 29407.918 51167.66 16055.513 76082.305 77551.836 31557.744 67974.76 71554.8 30493.096 54034.316 26225.785 45819.246 21287.14 88417.266 100872.24 9297.291 26699.04 12808.298 88637.59 62858.566 41363.203 64299.457 22529.127 104697.47 99941.66 9530.139 47652.79 80829.32 45652.86 32826.48 88856.234 11930.377 83898.47 23539.223 89474.766
6853.6255 11791.088 4161.2563 15866.066 10573.092 18694.682 19262.342 11255.246 8805.307 19783.004 20105.066 13552.761 17478.54 14847.497 17770.408 6371.475 2866.4553 21426.48 6844.2646 23130.248 9932.435 12137.315 4459.6597 14907.374 11636.151 18005.867 3640.453 9160.546 16182.314 19629.65 12791.121 18275.447 13025.672 10912.39 11738.154 4772.713 14027.125 13655.44 18405.648 16550.514 18669.88 1790.1544 12221.748 5426.512 6830.9556 14897.162 16942.709 16926.059 8376.894 15551.675
29820.64 34232.3 28749.676 9358.461 26929.807 27794.258 6235.2593 38764.13 34498.316 50966.05 47098.37 36058.75 4419.0723 44428.54 5270.1323 16283.477 22075.305 2611.445 32815.035 40612.348 15256.55 33621.734 26905.035 15696.747 23654.588 12428.775 22180.383 12469.359 39477.953 46764.797 7622.019 11281.951 9165.092 39842.32 26929.04 21554.49 31423.072 12831.134 45289.39 48005.18 2481.967 24809.16 42067.91 21366.854 15796.979 34997.113 4128.2476 40872.293 13924.338 41362.266
23672.602 27761.174 21193.033 10714.555 21381.426 28616.266 16914.238 30418.64 31007.576 38175.664 48596.996 30920.012 14204.177 42051.176 11246.842 5650.863 14587.975 17178.871 26606.455 39117.3 9981.441 26293.596 21880.488 14056.271 22965.96 17401.9 12862.022 1483.3201 30631.117 43180.25 3927.736 13395.621 7225.139 34017.613 23873.793 12170.941 23202.863 10247.854 38849.773 39440.426 11611.606 16072.367 34678.54 14788.476 5995.2266 30721.914 10995.885 37785.484 5067.57 33760.203
26711.707 38878.324 30258.848 7685.044 38781.62 14414.264 10172.178 39968.664 36662.29 43054.914 43095.227 33664.09 12078.199 40038.51 11310.988 20093.848 23298.562 16986.434 33148.633 26653.191 22512.47 22479.316 28607.242 5526.124 35861.734 1874.225 22802.438 18175.168 27406.285 34985.293 14538.489 3381.5227 10622.246 45928.29 17149.156 20058.328 18390.25 8876.379 31276.457 46263.773 18364.658 24079.732 38884.652 28365.795 20425.205 27613.68 18187.55 31212.521 19910.014 37573.66
44171.188 96658.32 54488.18 73766.875 94974.75 39481.207 92133.22 71509.15 82469.86 38082.418 50857.246 20061.596 82567.484 41415.863 85550.09 74320.76 49377.133 97332.34 73261.83 18219.107 81859.664 26653.24 51885.32 56177.26 100119.22 63266.25 52250.457 71026.69 7636.8647 25400.584 83597.695 61998.07 77262.195 80580.62 31379.885 58384.766 24590.367 61231.688 14945.162 53538.074 88622.93 62318.125 43429.08 76168.85 63293.117 16073.15 86020.2 10996.132 70175.02 24588.291
9199.196 31241.09 13442.547 23821.979 30468.084 20928.566 27075.3 24212.49 24586.443 27643.273 35159.207 17161.918 28045.986 25192.564 24994.729 15780.964 6770.734 32825.49 19668.258 23643.006 23659.643 7531.15 12308.599 18275.736 29275.857 21137.863 6819.0034 17919.58 20013.951 24826.016 21735.904 19534.865 17085.908 27761.93 7928.9844 5726.5884 10863.79 16222.687 21015.66 24901.857 25894.31 13846.763 16498.912 18995.09 14858.246 18016.254 26805.938 20607.123 20067.191 21959.033
38571.44 65532.6 49551.434 48823.41 71123.29 19455.887 56192.562 65992.73 62861.816 42336.195 45755.938 22548.793 55281.57 42358.375 48242.14 55884.492 39005.094 59747.99 51919.562 7408.41 57035.086 20830.316 44177.168 38924.11 67825.01 39898.703 39956.973 48446 14092.666 33416.184 50496.973 39331.082 45554.703 70363.12 16582.102 35236.52 11740.565 39634.555 22903.955 44790.668 63502.293 46954.367 33962.14 51654.297 45861.555 18001.094 64827.176 15700.948 52581.18 32155.602
16230.625 7359.8193 12120.441 18261.56 370.29395 28864.002 18383.992 13504.545 11942.231 24303.76 32344.438 26282.441 19300.326 22197.994 17553.32 9549.393 12342.282 17856.754 11032.63 33187.203 6885.9185 20013.846 12264.154 20831.137 1572.9847 20801.723 11367.914 12300.159 27700.818 25775.379 14609.353 19769.553 16413.178 10666.763 19810.674 14426.706 23919.676 17561.994 25585.332 22061.994 16714.38 9456.932 21340.564 6193.268 9361.789 25182.133 15084.398 27556.697 9677.735 23824.123
18976.39 39492.43 22435.418 53093.39 48223.684 42498.664 60156.926 23955.82 26739.213 2731.8684 6851.2856 14391.714 62965.242 4252.536 55465.977 36117.74 24171.441 60063.58 24439.336 33941.48 43005.09 21287.803 20958.861 40399.094 41539.89 53863.332 29062.254 37639.023 18569.01 9742.203 51888.195 44390.207 44153.176 28848.432 24602.72 27502.574 25239.086 42369.656 14530.628 5836.391 53594.64 30911.967 7368.5845 37586.387 37979.25 15876.618 49515.875 17102.24 42562.07 8301.127
54913.715 56111.586 46903.52 17542.877 40248.5 53411.61 15387.362 59768.555 58957.586 76638.445 86855.125 64825.223 15336.256 82576.664 11199.8 22033.219 38736.934 11211.057 51907.56 68631.87 20160.812 48819.625 44627.45 27194.977 43902.992 28761.754 35428.227 16429.363 68589.836 88366.54 6460.0107 21227.807 12733.232 63637.473 51841.17 34478.566 51054.7 20993.447 78463.8 89958.65 6076.6895 33097.656 68360.52 33109.047 21473.666 66127.31 6895.135 71707.55 17349.916 71726.53
17934.75 50954.95 32790.008 41787.617 57880.63 23331.834 48656.793 37850.883 43104.58 34600.08 37468.59 16151.191 51056.848 32488.535 40480.723 37027.54 23084.174 57017.773 35106.492 19976.846 40199.582 6643.8877 23655.129 29034.137 51584.516 37840.832 22138.545 31594.107 12092.274 27657.566 40172.99 38046.54 31431.814 48136.684 5381.007 21526.102 5585.6914 27264.758 18303.035 39137.516 45221.824 30998.502 25830.797 41290.332 28918.75 11296.717 48818.9 13330.642 43231.395 22536.857
21048.248 59126.2 29427.97 49746.492 57576.477 54955.316 62522.465 54990.527 41744.773 62977.61 80938.625 51022.395 55153.465 53992.832 54529.71 26773.852 7625.065 68852.016 33913.973 58361.43 44184.043 29973.834 22579.365 37068.914 48881.453 48833.55 3602.7988 26487.768 52542.6 60296.734 36510.473 44982.715 38410.74 58584.414 28495.43 2077.423 34452.86 37053.086 60661.055 60895.32 54233.14 21497.975 43689.195 31842.826 19706.916 45937 54961.242 58832.082 28902.93 55258.145
22590.137 30986.203 24530.686 18162.854 24449.322 34655.156 20685.564 33990.477 29294.182 51739.84 54492.234 37619.586 25541.342 43357.926 17923.832 3463.9585 15104.987 23431.344 27512.76 39470.812 10676.738 30317.045 22711.244 20022.959 21774.752 25412.01 11553.207 3180.2014 39187.88 44900.82 9430.698 21740.625 12306.9795 33616.62 25973.414 10310.277 27285.074 13517.598 43974.28 40941.637 16703.842 13138.11 38698.793 13671.521 2249.0498 40037.645 18010.246 37379.934 5354.3857 43991.508
1330.6049 35188.008 10702.222 48451.746 44469.42 40366.42 57007.094 21338.129 21700.42 30794.709 37756.098 24711.412 51005.754 20788.13 45842.54 25829.855 9520.907 58500.387 17606.08 45280.062 39949.39 15297.24 7189.914 44259.777 38188.77 47377.164 16645.135 32115.076 32267.643 34499.43 44212.266 43487.793 41686.996 28694.18 22363.836 16470.627 30359.723 33197.695 28173.453 29686.455 50128.695 18516.342 17256.207 24146.45 29765.838 22599.29 53281.926 28816.473 35296.223 25803.56
9359.557 9846.4 9659.553 3575.0823 7624.742 11014.922 4006.8357 12886.067 10914.5205 16128.878 17404.389 11516.047 3851.6294 13936.778 2496.333 4003.8367 7902.325 3254.3608 8984.758 12401.75 2999.5916 10281.512 8937.398 5274.1816 7078.1743 5312.501 5505.7305 2359.613 11862.41 13918.439 1073.4547 5199.1343 2423.7158 12935.14 8137.343 5418.3486 9805.628 3933.7454 15412.311 14467.937 1457.3339 6396.057 12648.285 6599.47 3875.3564 12928.073 1483.0939 14672.075 2498.781 14158.797
7215.029 31918.934 7746.1133 54343.11 45112.258 51776.277 54779.67 27882.133 23639.404 40391.72 48862.55 35240.02 62078.06 32304.758 57157.74 26044.17 8438.6455 67299.02 17933.076 54167.91 43503.125 23877.674 4387.8774 42857.973 41388.047 56424.43 12936.308 37920.992 39833 47112.58 46471.195 55481.906 42467.016 33269.895 33687.45 14904.836 32527.227 40997.5 46337.004 40549.93 59027.742 15355.372 23533.49 25196.049 24541.834 36401.176 59578.33 41218.88 36232.1 39173.004
